##NODES##
0,SUM
1,PRD
50,PRD
67,PRD
84,PRD
101,PRD
118,PRD
135,PRD
152,PRD
169,PRD
186,PRD
203,PRD
220,PRD
237,PRD
254,PRD
271,PRD
288,PRD
305,PRD
322,PRD
339,PRD
356,PRD
373,PRD
390,PRD
407,PRD
424,PRD
441,PRD
458,PRD
475,PRD
492,PRD
509,PRD
526,PRD
543,PRD
560,PRD
577,PRD
594,PRD
611,PRD
628,PRD
645,PRD
662,PRD
679,PRD
696,PRD
713,PRD
730,PRD
747,PRD
764,PRD
781,PRD
798,PRD
815,PRD
832,PRD
849,PRD
866,PRD
883,PRD
900,PRD
917,PRD
934,PRD
951,PRD
968,PRD
985,PRD
1002,PRD
1019,PRD
1036,PRD
1053,PRD
1070,PRD
1087,PRD
1104,PRD
1121,PRD
1138,PRD
1155,PRD
1172,PRD
1189,PRD
1206,PRD
1223,PRD
1240,PRD
1257,PRD
1274,PRD
1291,PRD
1308,PRD
1325,PRD
1342,PRD
1359,PRD
1376,PRD
1393,PRD
1410,PRD
1427,PRD
1444,PRD
1461,PRD
1478,PRD
1495,PRD
1512,PRD
1529,PRD
1546,PRD
2,LEAVE,0,0.124921123737,0.875078876263
5,LEAVE,1,0.766083595722,0.233916404278
8,LEAVE,2,0.661521841401,0.338478158599
11,LEAVE,3,0.971767725569,0.0282322744314
14,LEAVE,4,0.918814689634,0.0811853103655
17,LEAVE,5,0.917944221454,0.0820557785458
20,LEAVE,6,0.743855639576,0.256144360424
23,LEAVE,7,0.767857822015,0.232142177985
26,LEAVE,8,0.971103740685,0.0288962593145
29,LEAVE,9,0.432871196388,0.567128803612
32,LEAVE,10,0.946509865673,0.0534901343268
35,LEAVE,11,0.796667851171,0.203332148829
38,LEAVE,12,0.864413675157,0.135586324843
41,LEAVE,13,0.972488414039,0.0275115859611
44,LEAVE,14,0.971549952183,0.0284500478169
47,LEAVE,15,0.943243992969,0.0567560070308
51,LEAVE,0,0.940808368343,0.0591916316568
52,LEAVE,1,0.846545643195,0.153454356805
53,LEAVE,2,0.795340289672,0.204659710328
54,LEAVE,3,0.940748368893,0.059251631107
55,LEAVE,4,0.940560709455,0.0594392905449
56,LEAVE,5,0.940808471304,0.0591915286957
57,LEAVE,6,0.940808480992,0.0591915190084
58,LEAVE,7,0.940808480992,0.0591915190084
59,LEAVE,8,0.940808480992,0.0591915190084
60,LEAVE,9,0.932979395083,0.0670206049166
61,LEAVE,10,0.815525863227,0.184474136773
62,LEAVE,11,0.40252269844,0.59747730156
63,LEAVE,12,0.837925615194,0.162074384806
64,LEAVE,13,0.170123516766,0.829876483234
65,LEAVE,14,0.130279842459,0.869720157541
66,LEAVE,15,0.753901006278,0.246098993722
68,LEAVE,0,0.966352506711,0.0336474932886
69,LEAVE,1,0.843938764453,0.156061235547
70,LEAVE,2,0.982921519045,0.0170784809547
71,LEAVE,3,0.969397197055,0.0306028029449
72,LEAVE,4,0.854359310458,0.145640689542
73,LEAVE,5,0.99198510567,0.00801489432961
74,LEAVE,6,0.974872516355,0.025127483645
75,LEAVE,7,0.899596713789,0.100403286211
76,LEAVE,8,0.96384449986,0.0361555001398
77,LEAVE,9,0.125736497925,0.874263502075
78,LEAVE,10,0.773301421336,0.226698578664
79,LEAVE,11,0.461259573401,0.538740426599
80,LEAVE,12,0.634783700521,0.365216299479
81,LEAVE,13,0.97555064793,0.0244493520704
82,LEAVE,14,0.927143635609,0.0728563643909
83,LEAVE,15,0.951348654974,0.0486513450255
85,LEAVE,0,0.958298332885,0.0417016671155
86,LEAVE,1,0.975609102909,0.0243908970911
87,LEAVE,2,0.975843583001,0.024156416999
88,LEAVE,3,0.949662073388,0.0503379266123
89,LEAVE,4,0.229817572478,0.770182427522
90,LEAVE,5,0.978130874415,0.021869125585
91,LEAVE,6,0.978134205245,0.0218657947549
92,LEAVE,7,0.978131112315,0.0218688876851
93,LEAVE,8,0.978130745445,0.0218692545546
94,LEAVE,9,0.192005739328,0.807994260672
95,LEAVE,10,0.935676974389,0.0643230256111
96,LEAVE,11,0.0547387889964,0.945261211004
97,LEAVE,12,0.897210329556,0.102789670444
98,LEAVE,13,0.977881968689,0.022118031311
99,LEAVE,14,0.975154796883,0.0248452031174
100,LEAVE,15,0.978131541617,0.021868458383
102,LEAVE,0,0.975966759396,0.0240332406037
103,LEAVE,1,0.993901491174,0.00609850882573
104,LEAVE,2,0.993209969,0.00679003100024
105,LEAVE,3,0.808655732754,0.191344267246
106,LEAVE,4,0.794754488729,0.205245511271
107,LEAVE,5,0.821323268214,0.178676731786
108,LEAVE,6,0.988614662159,0.0113853378409
109,LEAVE,7,0.992711697185,0.00728830281526
110,LEAVE,8,0.998782474866,0.00121752513384
111,LEAVE,9,0.594191047195,0.405808952805
112,LEAVE,10,0.963127190079,0.0368728099209
113,LEAVE,11,0.827801736121,0.172198263879
114,LEAVE,12,0.988642626499,0.0113573735009
115,LEAVE,13,0.997753283202,0.00224671679818
116,LEAVE,14,0.972930521912,0.0270694780882
117,LEAVE,15,0.995266536697,0.00473346330309
119,LEAVE,0,0.977665921094,0.0223340789065
120,LEAVE,1,0.981098664412,0.018901335588
121,LEAVE,2,0.991455876901,0.00854412309895
122,LEAVE,3,0.950519076198,0.0494809238015
123,LEAVE,4,0.92755205516,0.0724479448402
124,LEAVE,5,0.992335746924,0.00766425307624
125,LEAVE,6,0.9987761222,0.00122387780005
126,LEAVE,7,0.996413758218,0.0035862417822
127,LEAVE,8,0.999732530468,0.000267469531695
128,LEAVE,9,0.784357650252,0.215642349748
129,LEAVE,10,0.996376490255,0.00362350974506
130,LEAVE,11,0.997257689697,0.0027423103034
131,LEAVE,12,0.991673589681,0.0083264103188
132,LEAVE,13,0.993985902359,0.00601409764143
133,LEAVE,14,0.994729523488,0.00527047651169
134,LEAVE,15,0.999354805235,0.000645194765123
136,LEAVE,0,0.83265596394,0.16734403606
137,LEAVE,1,0.952239243982,0.0477607560175
138,LEAVE,2,0.958012484863,0.0419875151372
139,LEAVE,3,0.957982121541,0.0420178784589
140,LEAVE,4,0.0444629605378,0.955537039462
141,LEAVE,5,0.957440343969,0.0425596560313
142,LEAVE,6,0.957600024283,0.0423999757167
143,LEAVE,7,0.865575355955,0.134424644045
144,LEAVE,8,0.95808385453,0.0419161454702
145,LEAVE,9,0.95721149798,0.0427885020202
146,LEAVE,10,0.958044620281,0.0419553797189
147,LEAVE,11,0.957766943645,0.0422330563548
148,LEAVE,12,0.929555209481,0.0704447905194
149,LEAVE,13,0.0780044691615,0.921995530838
150,LEAVE,14,0.956076332191,0.0439236678095
151,LEAVE,15,0.958083661448,0.0419163385523
153,LEAVE,0,0.997702555435,0.00229744456495
154,LEAVE,1,0.997149057492,0.0028509425085
155,LEAVE,2,0.996629078256,0.00337092174449
156,LEAVE,3,0.957841959962,0.0421580400384
157,LEAVE,4,0.58053529734,0.41946470266
158,LEAVE,5,0.998608939672,0.00139106032847
159,LEAVE,6,0.998668802666,0.00133119733426
160,LEAVE,7,0.998333807493,0.00166619250697
161,LEAVE,8,0.998680676138,0.00131932386155
162,LEAVE,9,0.980720834814,0.0192791651857
163,LEAVE,10,0.973839543627,0.0261604563726
164,LEAVE,11,0.863489295498,0.136510704502
165,LEAVE,12,0.980826269668,0.0191737303315
166,LEAVE,13,0.785568123523,0.214431876477
167,LEAVE,14,0.983333078424,0.0166669215765
168,LEAVE,15,0.996502836856,0.00349716314395
170,LEAVE,0,0.975765846814,0.0242341531858
171,LEAVE,1,0.916814741943,0.0831852580568
172,LEAVE,2,0.974706080071,0.0252939199291
173,LEAVE,3,0.89123774151,0.10876225849
174,LEAVE,4,0.74445377411,0.25554622589
175,LEAVE,5,0.956369735077,0.043630264923
176,LEAVE,6,0.927454353476,0.0725456465239
177,LEAVE,7,0.76919793144,0.23080206856
178,LEAVE,8,0.911708975249,0.0882910247506
179,LEAVE,9,0.0227537823647,0.977246217635
180,LEAVE,10,0.973757074324,0.0262429256759
181,LEAVE,11,0.881136279745,0.118863720255
182,LEAVE,12,0.992991448334,0.00700855166588
183,LEAVE,13,0.99634160244,0.00365839755969
184,LEAVE,14,0.990247598551,0.00975240144923
185,LEAVE,15,0.995858533107,0.00414146689332
187,LEAVE,0,0.877736656243,0.122263343757
188,LEAVE,1,0.869236933443,0.130763066557
189,LEAVE,2,0.870451804181,0.129548195819
190,LEAVE,3,0.929069851582,0.0709301484179
191,LEAVE,4,0.929069846904,0.0709301530961
192,LEAVE,5,0.929069851582,0.0709301484178
193,LEAVE,6,0.87288244336,0.12711755664
194,LEAVE,7,0.0711460442581,0.928853955742
195,LEAVE,8,0.075912638067,0.924087361933
196,LEAVE,9,0.0709301484429,0.929069851557
197,LEAVE,10,0.929068817555,0.070931182445
198,LEAVE,11,0.879873391665,0.120126608335
199,LEAVE,12,0.820115641262,0.179884358738
200,LEAVE,13,0.929069851547,0.0709301484529
201,LEAVE,14,0.789383410899,0.210616589101
202,LEAVE,15,0.858453617378,0.141546382622
204,LEAVE,0,0.85206599269,0.14793400731
205,LEAVE,1,0.944179837196,0.0558201628045
206,LEAVE,2,0.944182086968,0.0558179130324
207,LEAVE,3,0.943730080201,0.0562699197989
208,LEAVE,4,0.943467485387,0.0565325146125
209,LEAVE,5,0.107510943467,0.892489056533
210,LEAVE,6,0.944191728928,0.0558082710723
211,LEAVE,7,0.944153389108,0.0558466108918
212,LEAVE,8,0.937284341153,0.062715658847
213,LEAVE,9,0.0620476769947,0.937952323005
214,LEAVE,10,0.94358804188,0.0564119581204
215,LEAVE,11,0.94386382238,0.0561361776195
216,LEAVE,12,0.894821472354,0.105178527646
217,LEAVE,13,0.920968260532,0.0790317394685
218,LEAVE,14,0.944176844816,0.0558231551841
219,LEAVE,15,0.94419316709,0.0558068329097
221,LEAVE,0,0.895163455982,0.104836544018
222,LEAVE,1,0.909363367594,0.0906366324057
223,LEAVE,2,0.900287494336,0.0997125056641
224,LEAVE,3,0.910044704218,0.0899552957823
225,LEAVE,4,0.880454575807,0.119545424193
226,LEAVE,5,0.407776217439,0.592223782561
227,LEAVE,6,0.911027646607,0.0889723533928
228,LEAVE,7,0.863186232796,0.136813767204
229,LEAVE,8,0.911105495231,0.0888945047687
230,LEAVE,9,0.909017288078,0.0909827119218
231,LEAVE,10,0.487548256523,0.512451743477
232,LEAVE,11,0.169764551045,0.830235448955
233,LEAVE,12,0.856520437148,0.143479562852
234,LEAVE,13,0.831038564285,0.168961435715
235,LEAVE,14,0.877483276522,0.122516723478
236,LEAVE,15,0.911103615355,0.0888963846453
238,LEAVE,0,0.964324626138,0.0356753738624
239,LEAVE,1,0.825603026121,0.174396973879
240,LEAVE,2,0.950856189915,0.0491438100846
241,LEAVE,3,0.964176071632,0.0358239283683
242,LEAVE,4,0.882273540045,0.117726459955
243,LEAVE,5,0.952137215449,0.0478627845513
244,LEAVE,6,0.965405090711,0.0345949092889
245,LEAVE,7,0.965404737767,0.0345952622325
246,LEAVE,8,0.965405511321,0.0345944886788
247,LEAVE,9,0.959256589486,0.0407434105143
248,LEAVE,10,0.400724549892,0.599275450108
249,LEAVE,11,0.109712308148,0.890287691852
250,LEAVE,12,0.69622772212,0.30377227788
251,LEAVE,13,0.714169684188,0.285830315812
252,LEAVE,14,0.808559328725,0.191440671275
253,LEAVE,15,0.957018442965,0.0429815570347
255,LEAVE,0,0.645827702658,0.354172297342
256,LEAVE,1,0.29064946653,0.70935053347
257,LEAVE,2,0.823028709448,0.176971290552
258,LEAVE,3,0.82305392836,0.17694607164
259,LEAVE,4,0.822322083467,0.177677916533
260,LEAVE,5,0.823053929093,0.176946070907
261,LEAVE,6,0.823053929907,0.176946070093
262,LEAVE,7,0.823053929883,0.176946070117
263,LEAVE,8,0.823053929907,0.176946070093
264,LEAVE,9,0.601210057992,0.398789942008
265,LEAVE,10,0.640027790165,0.359972209835
266,LEAVE,11,0.233172604788,0.766827395212
267,LEAVE,12,0.177817752084,0.822182247916
268,LEAVE,13,0.821929648907,0.178070351093
269,LEAVE,14,0.213325925317,0.786674074683
270,LEAVE,15,0.823053927109,0.176946072891
272,LEAVE,0,0.7731156674,0.2268843326
273,LEAVE,1,0.771336121575,0.228663878425
274,LEAVE,2,0.81248139007,0.18751860993
275,LEAVE,3,0.823484044237,0.176515955763
276,LEAVE,4,0.820370279055,0.179629720945
277,LEAVE,5,0.287383254271,0.712616745729
278,LEAVE,6,0.818064843913,0.181935156087
279,LEAVE,7,0.544117337493,0.455882662507
280,LEAVE,8,0.825167113018,0.174832886982
281,LEAVE,9,0.554703199461,0.445296800539
282,LEAVE,10,0.823951336131,0.176048663869
283,LEAVE,11,0.814650994273,0.185349005727
284,LEAVE,12,0.747941122845,0.252058877155
285,LEAVE,13,0.651296897396,0.348703102604
286,LEAVE,14,0.825829465873,0.174170534127
287,LEAVE,15,0.815936162218,0.184063837782
289,LEAVE,0,0.984663465349,0.0153365346511
290,LEAVE,1,0.96281549049,0.0371845095101
291,LEAVE,2,0.876288619042,0.123711380958
292,LEAVE,3,0.296510242575,0.703489757425
293,LEAVE,4,0.979716930635,0.0202830693652
294,LEAVE,5,0.129268929029,0.870731070971
295,LEAVE,6,0.980118619488,0.0198813805121
296,LEAVE,7,0.973786804599,0.0262131954011
297,LEAVE,8,0.985755623152,0.014244376848
298,LEAVE,9,0.944334003676,0.0556659963235
299,LEAVE,10,0.985755548951,0.0142444510491
300,LEAVE,11,0.98545244428,0.0145475557198
301,LEAVE,12,0.985451266357,0.0145487336426
302,LEAVE,13,0.985757593754,0.014242406246
303,LEAVE,14,0.985677055639,0.0143229443612
304,LEAVE,15,0.984892757797,0.0151072422035
306,LEAVE,0,0.595570203378,0.404429796622
307,LEAVE,1,0.118539639909,0.881460360091
308,LEAVE,2,0.152458335469,0.847541664531
309,LEAVE,3,0.915914052651,0.0840859473489
310,LEAVE,4,0.90921368875,0.09078631125
311,LEAVE,5,0.919518362987,0.0804816370125
312,LEAVE,6,0.764731956339,0.235268043661
313,LEAVE,7,0.919511700677,0.080488299323
314,LEAVE,8,0.919528073736,0.0804719262643
315,LEAVE,9,0.303432507486,0.696567492514
316,LEAVE,10,0.776855448871,0.223144551129
317,LEAVE,11,0.880536964893,0.119463035107
318,LEAVE,12,0.7492593518,0.2507406482
319,LEAVE,13,0.777302219803,0.222697780197
320,LEAVE,14,0.687854201417,0.312145798583
321,LEAVE,15,0.919522299164,0.080477700836
323,LEAVE,0,0.957989830475,0.0420101695247
324,LEAVE,1,0.916439739198,0.0835602608017
325,LEAVE,2,0.959830832866,0.0401691671343
326,LEAVE,3,0.959830832536,0.0401691674643
327,LEAVE,4,0.0403023516512,0.959697648349
328,LEAVE,5,0.959830835956,0.0401691640444
329,LEAVE,6,0.959830837067,0.040169162933
330,LEAVE,7,0.959236632528,0.0407633674723
331,LEAVE,8,0.959830837069,0.0401691629312
332,LEAVE,9,0.959830726817,0.0401692731826
333,LEAVE,10,0.95983000874,0.0401699912601
334,LEAVE,11,0.959830453928,0.040169546072
335,LEAVE,12,0.765373360579,0.234626639421
336,LEAVE,13,0.0420543399474,0.957945660053
337,LEAVE,14,0.959824923611,0.0401750763891
338,LEAVE,15,0.959830836397,0.0401691636028
340,LEAVE,0,0.71110270006,0.28889729994
341,LEAVE,1,0.723857877984,0.276142122016
342,LEAVE,2,0.34236018814,0.65763981186
343,LEAVE,3,0.477378992005,0.522621007995
344,LEAVE,4,0.884983636047,0.115016363953
345,LEAVE,5,0.849381106918,0.150618893082
346,LEAVE,6,0.989114543314,0.0108854566856
347,LEAVE,7,0.982366041148,0.0176339588519
348,LEAVE,8,0.989307262159,0.0106927378407
349,LEAVE,9,0.987928687866,0.0120713121336
350,LEAVE,10,0.989202446581,0.0107975534189
351,LEAVE,11,0.927950213667,0.0720497863326
352,LEAVE,12,0.98930722196,0.0106927780396
353,LEAVE,13,0.975429333884,0.0245706661162
354,LEAVE,14,0.979649615198,0.020350384802
355,LEAVE,15,0.989160969761,0.0108390302385
357,LEAVE,0,0.988694907758,0.0113050922425
358,LEAVE,1,0.917562968881,0.082437031119
359,LEAVE,2,0.954531290299,0.0454687097005
360,LEAVE,3,0.864626171257,0.135373828743
361,LEAVE,4,0.808396399458,0.191603600542
362,LEAVE,5,0.978829564775,0.0211704352251
363,LEAVE,6,0.996656715988,0.00334328401198
364,LEAVE,7,0.958943193812,0.0410568061878
365,LEAVE,8,0.996089541547,0.00391045845271
366,LEAVE,9,0.354279801433,0.645720198567
367,LEAVE,10,0.956097219207,0.0439027807933
368,LEAVE,11,0.608403785859,0.391596214141
369,LEAVE,12,0.985067154267,0.0149328457331
370,LEAVE,13,0.971181694171,0.0288183058292
371,LEAVE,14,0.977078270688,0.0229217293123
372,LEAVE,15,0.995516796864,0.00448320313569
374,LEAVE,0,0.784564950998,0.215435049002
375,LEAVE,1,0.830495344712,0.169504655288
376,LEAVE,2,0.528681076779,0.471318923221
377,LEAVE,3,0.53595088267,0.46404911733
378,LEAVE,4,0.807342557789,0.192657442211
379,LEAVE,5,0.756118590883,0.243881409117
380,LEAVE,6,0.841390803621,0.158609196379
381,LEAVE,7,0.505838842398,0.494161157602
382,LEAVE,8,0.842593545032,0.157406454968
383,LEAVE,9,0.696466702147,0.303533297853
384,LEAVE,10,0.842631142761,0.157368857239
385,LEAVE,11,0.83828161681,0.16171838319
386,LEAVE,12,0.832601763418,0.167398236582
387,LEAVE,13,0.8060444757,0.1939555243
388,LEAVE,14,0.826466438946,0.173533561054
389,LEAVE,15,0.841833210522,0.158166789478
391,LEAVE,0,0.968277836553,0.0317221634473
392,LEAVE,1,0.930466044956,0.0695339550436
393,LEAVE,2,0.969303165253,0.0306968347468
394,LEAVE,3,0.762880780937,0.237119219063
395,LEAVE,4,0.957696818389,0.0423031816114
396,LEAVE,5,0.976800185057,0.023199814943
397,LEAVE,6,0.97758169408,0.0224183059202
398,LEAVE,7,0.977576329339,0.0224236706614
399,LEAVE,8,0.977584555481,0.0224154445189
400,LEAVE,9,0.53237712501,0.46762287499
401,LEAVE,10,0.68333792178,0.31666207822
402,LEAVE,11,0.323296788879,0.676703211121
403,LEAVE,12,0.805601808714,0.194398191286
404,LEAVE,13,0.842347000234,0.157652999766
405,LEAVE,14,0.810677214027,0.189322785973
406,LEAVE,15,0.903272181296,0.0967278187039
408,LEAVE,0,0.747580503731,0.252419496269
409,LEAVE,1,0.252419496269,0.747580503731
410,LEAVE,2,0.747580503731,0.252419496269
411,LEAVE,3,0.252454720739,0.747545279261
412,LEAVE,4,0.504609699234,0.495390300766
413,LEAVE,5,0.747580503731,0.252419496269
414,LEAVE,6,0.747580503731,0.252419496269
415,LEAVE,7,0.747580503731,0.252419496269
416,LEAVE,8,0.747580503731,0.252419496269
417,LEAVE,9,0.747580503731,0.252419496269
418,LEAVE,10,0.252419496324,0.747580503676
419,LEAVE,11,0.747545279313,0.252454720687
420,LEAVE,12,0.252419496269,0.747580503731
421,LEAVE,13,0.495390300819,0.504609699181
422,LEAVE,14,0.747580503731,0.252419496269
423,LEAVE,15,0.747580503731,0.252419496269
425,LEAVE,0,0.928951458808,0.0710485411919
426,LEAVE,1,0.893166605965,0.106833394035
427,LEAVE,2,0.932584771626,0.0674152283737
428,LEAVE,3,0.582904933055,0.417095066945
429,LEAVE,4,0.367227944631,0.632772055369
430,LEAVE,5,0.979813420163,0.0201865798365
431,LEAVE,6,0.993181055712,0.00681894428811
432,LEAVE,7,0.992987582402,0.00701241759791
433,LEAVE,8,0.993197919065,0.00680208093524
434,LEAVE,9,0.863651988272,0.136348011728
435,LEAVE,10,0.819951412002,0.180048587998
436,LEAVE,11,0.600584726525,0.399415273475
437,LEAVE,12,0.966774519828,0.0332254801716
438,LEAVE,13,0.991498442877,0.00850155712271
439,LEAVE,14,0.941450803119,0.0585491968814
440,LEAVE,15,0.993185269868,0.00681473013243
442,LEAVE,0,0.873188852788,0.126811147212
443,LEAVE,1,0.56087198248,0.43912801752
444,LEAVE,2,0.633212854964,0.366787145036
445,LEAVE,3,0.082411658906,0.917588341094
446,LEAVE,4,0.0161522649214,0.983847735079
447,LEAVE,5,0.0257221301747,0.974277869825
448,LEAVE,6,0.0908006998787,0.909199300121
449,LEAVE,7,0.02750013785,0.97249986215
450,LEAVE,8,0.0952330280559,0.904766971944
451,LEAVE,9,0.00116699007851,0.998833009921
452,LEAVE,10,0.2446109637,0.7553890363
453,LEAVE,11,0.044490197938,0.955509802062
454,LEAVE,12,0.364445726461,0.635554273539
455,LEAVE,13,0.0237189170854,0.976281082915
456,LEAVE,14,0.150918085878,0.849081914122
457,LEAVE,15,0.81685001872,0.18314998128
459,LEAVE,0,0.191258777024,0.808741222976
460,LEAVE,1,0.173771834453,0.826228165547
461,LEAVE,2,0.0317209456319,0.968279054368
462,LEAVE,3,0.0828909681872,0.917109031813
463,LEAVE,4,0.118244236359,0.881755763641
464,LEAVE,5,0.0232703127273,0.976729687273
465,LEAVE,6,0.0435174701607,0.956482529839
466,LEAVE,7,0.0270051745144,0.972994825486
467,LEAVE,8,0.145614352919,0.854385647081
468,LEAVE,9,0.0161453913893,0.983854608611
469,LEAVE,10,0.293850278846,0.706149721154
470,LEAVE,11,0.0176656483296,0.98233435167
471,LEAVE,12,0.0959197848014,0.904080215199
472,LEAVE,13,0.318506897146,0.681493102854
473,LEAVE,14,0.327800538498,0.672199461502
474,LEAVE,15,0.565716313627,0.434283686373
476,LEAVE,0,0.471185056582,0.528814943418
477,LEAVE,1,0.201598629213,0.798401370787
478,LEAVE,2,0.128933170835,0.871066829165
479,LEAVE,3,0.0730526291871,0.926947370813
480,LEAVE,4,0.013144525312,0.986855474688
481,LEAVE,5,0.00560575112932,0.994394248871
482,LEAVE,6,0.0318842514583,0.968115748542
483,LEAVE,7,0.0250166690772,0.974983330923
484,LEAVE,8,0.258836314379,0.741163685621
485,LEAVE,9,0.0192590962974,0.980740903703
486,LEAVE,10,0.644372698308,0.355627301692
487,LEAVE,11,0.238209377778,0.761790622222
488,LEAVE,12,0.891285705771,0.108714294229
489,LEAVE,13,0.0163502232286,0.983649776771
490,LEAVE,14,0.38083771073,0.61916228927
491,LEAVE,15,0.989279957894,0.0107200421062
493,LEAVE,0,0.0060126357394,0.993987364261
494,LEAVE,1,0.00791197144082,0.992088028559
495,LEAVE,2,0.00809178671443,0.991908213286
496,LEAVE,3,0.0813197622744,0.918680237726
497,LEAVE,4,0.0501087676679,0.949891232332
498,LEAVE,5,0.0073117847868,0.992688215213
499,LEAVE,6,0.0055765334988,0.994423466501
500,LEAVE,7,0.0117496921626,0.988250307837
501,LEAVE,8,0.0167096179506,0.983290382049
502,LEAVE,9,0.00557639932219,0.994423600678
503,LEAVE,10,0.305151336996,0.694848663004
504,LEAVE,11,0.0267322637701,0.97326773623
505,LEAVE,12,0.0327120241561,0.967287975844
506,LEAVE,13,0.00618751985158,0.993812480148
507,LEAVE,14,0.00617703153772,0.993822968462
508,LEAVE,15,0.0219744608144,0.978025539186
510,LEAVE,0,0.258597843816,0.741402156184
511,LEAVE,1,0.559835204042,0.440164795958
512,LEAVE,2,0.395506022613,0.604493977387
513,LEAVE,3,0.298824484937,0.701175515063
514,LEAVE,4,0.472707139566,0.527292860434
515,LEAVE,5,0.0764455429393,0.923554457061
516,LEAVE,6,0.305546296631,0.694453703369
517,LEAVE,7,0.167390096693,0.832609903307
518,LEAVE,8,0.0850340627076,0.914965937292
519,LEAVE,9,0.0763350651728,0.923664934827
520,LEAVE,10,0.518787257272,0.481212742728
521,LEAVE,11,0.597181298283,0.402818701717
522,LEAVE,12,0.252515881315,0.747484118685
523,LEAVE,13,0.142733885753,0.857266114247
524,LEAVE,14,0.278994078831,0.721005921169
525,LEAVE,15,0.847796194992,0.152203805008
527,LEAVE,0,0.468564254081,0.531435745919
528,LEAVE,1,0.0574871139843,0.942512886016
529,LEAVE,2,0.259254222096,0.740745777904
530,LEAVE,3,0.489619801772,0.510380198228
531,LEAVE,4,0.853768273098,0.146231726902
532,LEAVE,5,0.275936000226,0.724063999774
533,LEAVE,6,0.0786700124168,0.921329987583
534,LEAVE,7,0.197672601107,0.802327398893
535,LEAVE,8,0.0846984900444,0.915301509956
536,LEAVE,9,0.0569367712546,0.943063228745
537,LEAVE,10,0.914666890485,0.0853331095146
538,LEAVE,11,0.119011453287,0.880988546713
539,LEAVE,12,0.0675867687475,0.932413231252
540,LEAVE,13,0.936108603683,0.0638913963167
541,LEAVE,14,0.676540314598,0.323459685402
542,LEAVE,15,0.71222908405,0.28777091595
544,LEAVE,0,0.792520420681,0.207479579319
545,LEAVE,1,0.655144841386,0.344855158614
546,LEAVE,2,0.971525525252,0.0284744747479
547,LEAVE,3,0.789950181585,0.210049818415
548,LEAVE,4,0.55265847287,0.44734152713
549,LEAVE,5,0.500879456746,0.499120543254
550,LEAVE,6,0.35678601299,0.64321398701
551,LEAVE,7,0.0531774151133,0.946822584887
552,LEAVE,8,0.187425641032,0.812574358968
553,LEAVE,9,0.0187940618503,0.98120593815
554,LEAVE,10,0.0187946595355,0.981205340465
555,LEAVE,11,0.0187939800035,0.981206019996
556,LEAVE,12,0.076143071652,0.923856928348
557,LEAVE,13,0.0466030153695,0.953396984631
558,LEAVE,14,0.0577305879833,0.942269412017
559,LEAVE,15,0.39032089169,0.60967910831
561,LEAVE,0,0.0818008351248,0.918199164875
562,LEAVE,1,0.0871032006629,0.912896799337
563,LEAVE,2,0.0437468104937,0.956253189506
564,LEAVE,3,0.937758874302,0.0622411256984
565,LEAVE,4,0.926592711701,0.0734072882989
566,LEAVE,5,0.114711972253,0.885288027747
567,LEAVE,6,0.034834371177,0.965165628823
568,LEAVE,7,0.0246049957977,0.975395004202
569,LEAVE,8,0.0699653844222,0.930034615578
570,LEAVE,9,0.025009676541,0.974990323459
571,LEAVE,10,0.0313276393459,0.968672360654
572,LEAVE,11,0.0235794036653,0.976420596335
573,LEAVE,12,0.0391953403077,0.960804659692
574,LEAVE,13,0.053287437423,0.946712562577
575,LEAVE,14,0.0239134747487,0.976086525251
576,LEAVE,15,0.264564832554,0.735435167446
578,LEAVE,0,0.531391367312,0.468608632688
579,LEAVE,1,0.117790778764,0.882209221236
580,LEAVE,2,0.0742505283315,0.925749471669
581,LEAVE,3,0.060456998774,0.939543001226
582,LEAVE,4,0.171059711151,0.828940288849
583,LEAVE,5,0.0707324051613,0.929267594839
584,LEAVE,6,0.39911920992,0.60088079008
585,LEAVE,7,0.624642893435,0.375357106565
586,LEAVE,8,0.946711257603,0.0532887423968
587,LEAVE,9,0.309091849077,0.690908150923
588,LEAVE,10,0.327324799497,0.672675200503
589,LEAVE,11,0.0355749407252,0.964425059275
590,LEAVE,12,0.0581845310647,0.941815468935
591,LEAVE,13,0.0933239904799,0.90667600952
592,LEAVE,14,0.367738455868,0.632261544132
593,LEAVE,15,0.798617112147,0.201382887853
595,LEAVE,0,0.486410537404,0.513589462596
596,LEAVE,1,0.269301193078,0.730698806922
597,LEAVE,2,0.108157322031,0.891842677969
598,LEAVE,3,0.087879756399,0.912120243601
599,LEAVE,4,0.322444633142,0.677555366858
600,LEAVE,5,0.0804069483869,0.919593051613
601,LEAVE,6,0.0500071057748,0.949992894225
602,LEAVE,7,0.0343849148936,0.965615085106
603,LEAVE,8,0.134797243854,0.865202756146
604,LEAVE,9,0.0207036788534,0.979296321147
605,LEAVE,10,0.188814532835,0.811185467165
606,LEAVE,11,0.0585764666827,0.941423533317
607,LEAVE,12,0.350172465494,0.649827534506
608,LEAVE,13,0.966160654005,0.0338393459953
609,LEAVE,14,0.977620535662,0.0223794643378
610,LEAVE,15,0.978669001972,0.021330998028
612,LEAVE,0,0.30155236126,0.69844763874
613,LEAVE,1,0.119574611908,0.880425388092
614,LEAVE,2,0.148849394761,0.851150605239
615,LEAVE,3,0.074051917867,0.925948082133
616,LEAVE,4,0.0122185059013,0.987781494099
617,LEAVE,5,0.00973467079896,0.990265329201
618,LEAVE,6,0.00996371455794,0.990036285442
619,LEAVE,7,0.00867359071997,0.99132640928
620,LEAVE,8,0.0471212536448,0.952878746355
621,LEAVE,9,0.000846297795475,0.999153702205
622,LEAVE,10,0.0590691960392,0.940930803961
623,LEAVE,11,0.00217243815611,0.997827561844
624,LEAVE,12,0.00610643401095,0.993893565989
625,LEAVE,13,0.000990476762826,0.999009523237
626,LEAVE,14,0.000999814907217,0.999000185093
627,LEAVE,15,0.208993650425,0.791006349575
629,LEAVE,0,0.16665098371,0.83334901629
630,LEAVE,1,0.166650983709,0.833349016291
631,LEAVE,2,0.166650983709,0.833349016291
632,LEAVE,3,0.833349016291,0.166650983709
633,LEAVE,4,0.833349016291,0.166650983709
634,LEAVE,5,0.833210230702,0.166789769298
635,LEAVE,6,0.833349016291,0.166650983709
636,LEAVE,7,0.833349016291,0.166650983709
637,LEAVE,8,0.833349016291,0.166650983709
638,LEAVE,9,0.833210230702,0.166789769298
639,LEAVE,10,0.166650983709,0.833349016291
640,LEAVE,11,0.166650983709,0.833349016291
641,LEAVE,12,0.166650983709,0.833349016291
642,LEAVE,13,0.166650983709,0.833349016291
643,LEAVE,14,0.166650983709,0.833349016291
644,LEAVE,15,0.166650983709,0.833349016291
646,LEAVE,0,0.988148644881,0.0118513551194
647,LEAVE,1,0.663151348886,0.336848651114
648,LEAVE,2,0.905585505688,0.0944144943125
649,LEAVE,3,0.0757718586298,0.92422814137
650,LEAVE,4,0.0135124778385,0.986487522161
651,LEAVE,5,0.0694923390813,0.930507660919
652,LEAVE,6,0.15140503355,0.84859496645
653,LEAVE,7,0.0955563603233,0.904443639677
654,LEAVE,8,0.316450175242,0.683549824758
655,LEAVE,9,0.0178784237795,0.982121576221
656,LEAVE,10,0.0401381478627,0.959861852137
657,LEAVE,11,0.00929130225893,0.990708697741
658,LEAVE,12,0.0296282562277,0.970371743772
659,LEAVE,13,0.0204745041297,0.97952549587
660,LEAVE,14,0.0303628713145,0.969637128685
661,LEAVE,15,0.640402238913,0.359597761087
663,LEAVE,0,0.96575337273,0.0342466272698
664,LEAVE,1,0.718913766751,0.281086233249
665,LEAVE,2,0.894692727125,0.105307272875
666,LEAVE,3,0.301049100752,0.698950899248
667,LEAVE,4,0.140082832907,0.859917167093
668,LEAVE,5,0.134783330101,0.865216669899
669,LEAVE,6,0.0173127976608,0.982687202339
670,LEAVE,7,0.0181113057881,0.981888694212
671,LEAVE,8,0.0150397674903,0.98496023251
672,LEAVE,9,0.0193681042298,0.98063189577
673,LEAVE,10,0.60360840268,0.39639159732
674,LEAVE,11,0.0355325119657,0.964467488034
675,LEAVE,12,0.328404710798,0.671595289202
676,LEAVE,13,0.0554545718733,0.944545428127
677,LEAVE,14,0.288900338366,0.711099661634
678,LEAVE,15,0.903505090159,0.0964949098415
680,LEAVE,0,0.5811744936,0.4188255064
681,LEAVE,1,0.127777540267,0.872222459733
682,LEAVE,2,0.37862272904,0.62137727096
683,LEAVE,3,0.330700701731,0.669299298269
684,LEAVE,4,0.118624357272,0.881375642728
685,LEAVE,5,0.0478017239348,0.952198276065
686,LEAVE,6,0.0544526991997,0.9455473008
687,LEAVE,7,0.0418162765755,0.958183723424
688,LEAVE,8,0.0224816039467,0.977518396053
689,LEAVE,9,0.0223455300404,0.97765446996
690,LEAVE,10,0.737151830702,0.262848169298
691,LEAVE,11,0.631715670703,0.368284329297
692,LEAVE,12,0.760460675316,0.239539324684
693,LEAVE,13,0.0319565229175,0.968043477083
694,LEAVE,14,0.765827883624,0.234172116376
695,LEAVE,15,0.851196723204,0.148803276796
697,LEAVE,0,0.333699575715,0.666300424285
698,LEAVE,1,0.666300414588,0.333699585412
699,LEAVE,2,0.333699575715,0.666300424285
700,LEAVE,3,0.666300424285,0.333699575715
701,LEAVE,4,0.666300424285,0.333699575715
702,LEAVE,5,0.333699575715,0.666300424285
703,LEAVE,6,0.333699575715,0.666300424285
704,LEAVE,7,0.333699575715,0.666300424285
705,LEAVE,8,0.666300414588,0.333699585412
706,LEAVE,9,0.333699575715,0.666300424285
707,LEAVE,10,0.666300424281,0.333699575719
708,LEAVE,11,0.333699575715,0.666300424285
709,LEAVE,12,0.333699575715,0.666300424285
710,LEAVE,13,0.666300424281,0.333699575719
711,LEAVE,14,0.333699575715,0.666300424285
712,LEAVE,15,0.666300424285,0.333699575715
714,LEAVE,0,0.422532462761,0.577467537239
715,LEAVE,1,0.226918031904,0.773081968096
716,LEAVE,2,0.386450360536,0.613549639464
717,LEAVE,3,0.975037789851,0.0249622101486
718,LEAVE,4,0.963584415734,0.0364155842656
719,LEAVE,5,0.0915094003148,0.908490599685
720,LEAVE,6,0.05355002278,0.94644997722
721,LEAVE,7,0.0336356490035,0.966364350997
722,LEAVE,8,0.0299557140902,0.97004428591
723,LEAVE,9,0.0194200678412,0.980579932159
724,LEAVE,10,0.169175445352,0.830824554648
725,LEAVE,11,0.019420045776,0.980579954224
726,LEAVE,12,0.0376373266265,0.962362673373
727,LEAVE,13,0.126726591659,0.873273408341
728,LEAVE,14,0.019424079992,0.980575920008
729,LEAVE,15,0.309303467961,0.690696532039
731,LEAVE,0,0.159852024719,0.840147975281
732,LEAVE,1,0.15581382352,0.84418617648
733,LEAVE,2,0.0942112830874,0.905788716913
734,LEAVE,3,0.128620754565,0.871379245435
735,LEAVE,4,0.135860998007,0.864139001993
736,LEAVE,5,0.011061574234,0.988938425766
737,LEAVE,6,0.0353446537651,0.964655346235
738,LEAVE,7,0.0242736860628,0.975726313937
739,LEAVE,8,0.178386733009,0.821613266991
740,LEAVE,9,0.0303594460507,0.969640553949
741,LEAVE,10,0.738657614448,0.261342385552
742,LEAVE,11,0.0339399524362,0.966060047564
743,LEAVE,12,0.39872762907,0.60127237093
744,LEAVE,13,0.632028322524,0.367971677476
745,LEAVE,14,0.8604328796,0.1395671204
746,LEAVE,15,0.758552041024,0.241447958976
748,LEAVE,0,0.960283188742,0.0397168112581
749,LEAVE,1,0.629055418599,0.370944581401
750,LEAVE,2,0.847024653755,0.152975346245
751,LEAVE,3,0.234697773889,0.765302226111
752,LEAVE,4,0.0506193038715,0.949380696129
753,LEAVE,5,0.0221426562624,0.977857343738
754,LEAVE,6,0.055011981417,0.944988018583
755,LEAVE,7,0.0192019157527,0.980798084247
756,LEAVE,8,0.0481275619918,0.951872438008
757,LEAVE,9,0.0258993311286,0.974100668871
758,LEAVE,10,0.318318284157,0.681681715843
759,LEAVE,11,0.0215747154893,0.978425284511
760,LEAVE,12,0.0298614083956,0.970138591604
761,LEAVE,13,0.0757671080326,0.924232891967
762,LEAVE,14,0.150944852863,0.849055147137
763,LEAVE,15,0.526616984873,0.473383015127
765,LEAVE,0,0.170848844136,0.829151155864
766,LEAVE,1,0.218828265768,0.781171734232
767,LEAVE,2,0.0414790146878,0.958520985312
768,LEAVE,3,0.200700211166,0.799299788834
769,LEAVE,4,0.0411039524519,0.958896047548
770,LEAVE,5,0.155730736429,0.844269263571
771,LEAVE,6,0.45701718679,0.54298281321
772,LEAVE,7,0.035072637021,0.964927362979
773,LEAVE,8,0.452485665487,0.547514334513
774,LEAVE,9,0.0324953953952,0.967504604605
775,LEAVE,10,0.165498075335,0.834501924665
776,LEAVE,11,0.176201924799,0.823798075201
777,LEAVE,12,0.788571777466,0.211428222534
778,LEAVE,13,0.0326203209082,0.967379679092
779,LEAVE,14,0.0589541386052,0.941045861395
780,LEAVE,15,0.829795060408,0.170204939592
782,LEAVE,0,0.68500793971,0.31499206029
783,LEAVE,1,0.395177644978,0.604822355022
784,LEAVE,2,0.497596609794,0.502403390206
785,LEAVE,3,0.207354738339,0.792645261661
786,LEAVE,4,0.214455187827,0.785544812173
787,LEAVE,5,0.0968919004441,0.903108099556
788,LEAVE,6,0.477338403996,0.522661596004
789,LEAVE,7,0.38624535196,0.61375464804
790,LEAVE,8,0.847826770159,0.152173229841
791,LEAVE,9,0.0537708948414,0.946229105159
792,LEAVE,10,0.007971491102,0.992028508898
793,LEAVE,11,0.00756422166709,0.992435778333
794,LEAVE,12,0.0369834765475,0.963016523453
795,LEAVE,13,0.0392878507389,0.960712149261
796,LEAVE,14,0.00760263198388,0.992397368016
797,LEAVE,15,0.279331230984,0.720668769016
799,LEAVE,0,0.891501973798,0.108498026202
800,LEAVE,1,0.968602113919,0.0313978860806
801,LEAVE,2,0.647421372149,0.352578627851
802,LEAVE,3,0.103647948907,0.896352051093
803,LEAVE,4,0.0156112288087,0.984388771191
804,LEAVE,5,0.0129942441921,0.987005755808
805,LEAVE,6,0.477326193601,0.522673806399
806,LEAVE,7,0.438266442173,0.561733557827
807,LEAVE,8,0.989280731273,0.0107192687266
808,LEAVE,9,0.0151533101715,0.984846689828
809,LEAVE,10,0.496474996618,0.503525003382
810,LEAVE,11,0.264547015613,0.735452984387
811,LEAVE,12,0.935588068586,0.0644119314141
812,LEAVE,13,0.00890346242494,0.991096537575
813,LEAVE,14,0.536032496523,0.463967503477
814,LEAVE,15,0.957063625084,0.0429363749163
816,LEAVE,0,0.950906821754,0.0490931782464
817,LEAVE,1,0.680377582952,0.319622417048
818,LEAVE,2,0.957603786177,0.0423962138235
819,LEAVE,3,0.839324118264,0.160675881736
820,LEAVE,4,0.372358449087,0.627641550913
821,LEAVE,5,0.733458023193,0.266541976807
822,LEAVE,6,0.736292158765,0.263707841235
823,LEAVE,7,0.11943710758,0.88056289242
824,LEAVE,8,0.150879109198,0.849120890802
825,LEAVE,9,0.0424120402357,0.957587959764
826,LEAVE,10,0.53294819187,0.46705180813
827,LEAVE,11,0.271029233995,0.728970766005
828,LEAVE,12,0.856705593469,0.143294406531
829,LEAVE,13,0.0826850218225,0.917314978178
830,LEAVE,14,0.171997149241,0.828002850759
831,LEAVE,15,0.957337386874,0.0426626131256
833,LEAVE,0,0.994064647621,0.00593535237875
834,LEAVE,1,0.994193404261,0.00580659573916
835,LEAVE,2,0.994436626695,0.00556337330485
836,LEAVE,3,0.942430196565,0.0575698034349
837,LEAVE,4,0.00550443218438,0.994495567816
838,LEAVE,5,0.978242179034,0.021757820966
839,LEAVE,6,0.994467455942,0.00553254405836
840,LEAVE,7,0.992427666595,0.00757233340471
841,LEAVE,8,0.971811356768,0.028188643232
842,LEAVE,9,0.147752621092,0.852247378908
843,LEAVE,10,0.985544670555,0.0144553294455
844,LEAVE,11,0.616139441244,0.383860558756
845,LEAVE,12,0.994394142864,0.00560585713634
846,LEAVE,13,0.00550445315501,0.994495546845
847,LEAVE,14,0.987704788542,0.0122952114581
848,LEAVE,15,0.993991051695,0.00600894830452
850,LEAVE,0,0.948666173298,0.0513338267017
851,LEAVE,1,0.976762999446,0.0232370005537
852,LEAVE,2,0.976826746851,0.0231732531488
853,LEAVE,3,0.0920770165439,0.907922983456
854,LEAVE,4,0.0182722221711,0.981727777829
855,LEAVE,5,0.101875180548,0.898124819452
856,LEAVE,6,0.471670061986,0.528329938014
857,LEAVE,7,0.0341819839611,0.965818016039
858,LEAVE,8,0.13218316293,0.86781683707
859,LEAVE,9,0.0182212716657,0.981778728334
860,LEAVE,10,0.770545118297,0.229454881703
861,LEAVE,11,0.685712208849,0.314287791151
862,LEAVE,12,0.966434232401,0.033565767599
863,LEAVE,13,0.0182209219737,0.981779078026
864,LEAVE,14,0.503838706262,0.496161293738
865,LEAVE,15,0.981778925299,0.0182210747006
867,LEAVE,0,0.97977909665,0.0202209033503
868,LEAVE,1,0.963314552884,0.0366854471159
869,LEAVE,2,0.980309281661,0.0196907183387
870,LEAVE,3,0.907868810848,0.0921311891525
871,LEAVE,4,0.0196906614882,0.980309338512
872,LEAVE,5,0.949752314115,0.0502476858851
873,LEAVE,6,0.977285504169,0.0227144958312
874,LEAVE,7,0.980309206239,0.0196907937606
875,LEAVE,8,0.980309336148,0.0196906638523
876,LEAVE,9,0.894208767985,0.105791232015
877,LEAVE,10,0.878382674481,0.121617325519
878,LEAVE,11,0.897539873044,0.102460126956
879,LEAVE,12,0.980308824803,0.0196911751969
880,LEAVE,13,0.0196906580071,0.980309341993
881,LEAVE,14,0.0227150674567,0.977284932543
882,LEAVE,15,0.980309342018,0.0196906579821
884,LEAVE,0,0.497326286961,0.502673713039
885,LEAVE,1,0.295993465851,0.704006534149
886,LEAVE,2,0.637355567448,0.362644432552
887,LEAVE,3,0.903873554014,0.0961264459863
888,LEAVE,4,0.184310298676,0.815689701324
889,LEAVE,5,0.804534086968,0.195465913032
890,LEAVE,6,0.329021260737,0.670978739263
891,LEAVE,7,0.407572923621,0.592427076379
892,LEAVE,8,0.939863422182,0.0601365778179
893,LEAVE,9,0.0600607956758,0.939939204324
894,LEAVE,10,0.699036455337,0.300963544663
895,LEAVE,11,0.367891530344,0.632108469656
896,LEAVE,12,0.865658355732,0.134341644268
897,LEAVE,13,0.065366176854,0.934633823146
898,LEAVE,14,0.795040950222,0.204959049778
899,LEAVE,15,0.933151322365,0.0668486776349
901,LEAVE,0,0.994995053804,0.00500494619618
902,LEAVE,1,0.988654516187,0.0113454838134
903,LEAVE,2,0.912403291552,0.0875967084475
904,LEAVE,3,0.192427889429,0.807572110571
905,LEAVE,4,0.0113502005648,0.988649799435
906,LEAVE,5,0.078098567202,0.921901432798
907,LEAVE,6,0.744236902715,0.255763097285
908,LEAVE,7,0.148122683654,0.851877316346
909,LEAVE,8,0.648586702462,0.351413297538
910,LEAVE,9,0.00534241726753,0.994657582732
911,LEAVE,10,0.462346307464,0.537653692536
912,LEAVE,11,0.0338241694461,0.966175830554
913,LEAVE,12,0.880519433584,0.119480566416
914,LEAVE,13,0.00897526761861,0.991024732381
915,LEAVE,14,0.575861282076,0.424138717924
916,LEAVE,15,0.993540747385,0.00645925261535
918,LEAVE,0,0.91949186319,0.0805081368103
919,LEAVE,1,0.912472956526,0.0875270434735
920,LEAVE,2,0.919438477855,0.0805615221449
921,LEAVE,3,0.318051059744,0.681948940256
922,LEAVE,4,0.0810696291374,0.918930370863
923,LEAVE,5,0.23362681355,0.76637318645
924,LEAVE,6,0.919467130641,0.0805328693592
925,LEAVE,7,0.580651538019,0.419348461981
926,LEAVE,8,0.099870375144,0.900129624856
927,LEAVE,9,0.0805073491048,0.919492650895
928,LEAVE,10,0.664817751451,0.335182248549
929,LEAVE,11,0.322796278272,0.677203721728
930,LEAVE,12,0.139406730038,0.860593269962
931,LEAVE,13,0.203644967111,0.796355032889
932,LEAVE,14,0.217197515829,0.782802484171
933,LEAVE,15,0.918567779556,0.0814322204436
935,LEAVE,0,0.958864969676,0.0411350303239
936,LEAVE,1,0.86020396416,0.13979603584
937,LEAVE,2,0.827203107261,0.172796892739
938,LEAVE,3,0.176329752023,0.823670247977
939,LEAVE,4,0.016979590469,0.983020409531
940,LEAVE,5,0.0972370170922,0.902762982908
941,LEAVE,6,0.855915274394,0.144084725606
942,LEAVE,7,0.29825419552,0.70174580448
943,LEAVE,8,0.915913547107,0.0840864528934
944,LEAVE,9,0.0157495457409,0.984250454259
945,LEAVE,10,0.76157578094,0.23842421906
946,LEAVE,11,0.0589408641157,0.941059135884
947,LEAVE,12,0.835060086641,0.164939913359
948,LEAVE,13,0.00360786426114,0.996392135739
949,LEAVE,14,0.38821223372,0.61178776628
950,LEAVE,15,0.989588689767,0.0104113102335
952,LEAVE,0,0.927182135432,0.0728178645679
953,LEAVE,1,0.957012005149,0.0429879948507
954,LEAVE,2,0.976221055052,0.0237789449476
955,LEAVE,3,0.714284130545,0.285715869455
956,LEAVE,4,0.101856928291,0.898143071709
957,LEAVE,5,0.584688953105,0.415311046895
958,LEAVE,6,0.840212371092,0.159787628908
959,LEAVE,7,0.280275777357,0.719724222643
960,LEAVE,8,0.0407702984002,0.9592297016
961,LEAVE,9,0.0238266372669,0.976173362733
962,LEAVE,10,0.482543198127,0.517456801873
963,LEAVE,11,0.095851928937,0.904148071063
964,LEAVE,12,0.77232061044,0.22767938956
965,LEAVE,13,0.0594655431753,0.940534456825
966,LEAVE,14,0.337580712201,0.662419287799
967,LEAVE,15,0.976232127035,0.0237678729654
969,LEAVE,0,0.974649159895,0.0253508401054
970,LEAVE,1,0.992386570956,0.00761342904424
971,LEAVE,2,0.908008528714,0.0919914712859
972,LEAVE,3,0.218460974581,0.781539025419
973,LEAVE,4,0.00205637256603,0.997943627434
974,LEAVE,5,0.290433634904,0.709566365096
975,LEAVE,6,0.987672626454,0.0123273735456
976,LEAVE,7,0.747591602274,0.252408397726
977,LEAVE,8,0.971957626834,0.0280423731659
978,LEAVE,9,0.174253407114,0.825746592886
979,LEAVE,10,0.975583515657,0.0244164843427
980,LEAVE,11,0.965763226107,0.0342367738927
981,LEAVE,12,0.966335799104,0.0336642008965
982,LEAVE,13,0.00205042094004,0.99794957906
983,LEAVE,14,0.660262260927,0.339737739073
984,LEAVE,15,0.997947005059,0.00205299494144
986,LEAVE,0,0.390828407619,0.609171592381
987,LEAVE,1,0.482183728882,0.517816271118
988,LEAVE,2,0.118118381107,0.881881618893
989,LEAVE,3,0.382522243848,0.617477756152
990,LEAVE,4,0.113303467045,0.886696532955
991,LEAVE,5,0.841451171606,0.158548828394
992,LEAVE,6,0.886692413869,0.113307586131
993,LEAVE,7,0.416976817792,0.583023182208
994,LEAVE,8,0.886696549609,0.113303450391
995,LEAVE,9,0.113427295909,0.886572704091
996,LEAVE,10,0.589429641235,0.410570358765
997,LEAVE,11,0.371128014426,0.628871985574
998,LEAVE,12,0.885729774965,0.114270225035
999,LEAVE,13,0.113303596031,0.886696403969
1000,LEAVE,14,0.113894392948,0.886105607052
1001,LEAVE,15,0.886696547204,0.113303452796
1003,LEAVE,0,0.867319462018,0.132680537982
1004,LEAVE,1,0.598272043354,0.401727956646
1005,LEAVE,2,0.707521338711,0.292478661289
1006,LEAVE,3,0.702210731125,0.297789268875
1007,LEAVE,4,0.594878929087,0.405121070913
1008,LEAVE,5,0.861888916548,0.138111083452
1009,LEAVE,6,0.987636921689,0.0123630783108
1010,LEAVE,7,0.989728129869,0.010271870131
1011,LEAVE,8,0.990474266223,0.00952573377663
1012,LEAVE,9,0.472186905819,0.527813094181
1013,LEAVE,10,0.0792112187164,0.920788781284
1014,LEAVE,11,0.00958493530224,0.990415064698
1015,LEAVE,12,0.112971204885,0.887028795115
1016,LEAVE,13,0.0310734721914,0.968926527809
1017,LEAVE,14,0.0237454530891,0.976254546911
1018,LEAVE,15,0.536000405938,0.463999594062
1020,LEAVE,0,0.903057695903,0.0969423040967
1021,LEAVE,1,0.820359102229,0.179640897771
1022,LEAVE,2,0.766126400163,0.233873599837
1023,LEAVE,3,0.0146598179341,0.985340182066
1024,LEAVE,4,0.00564082830712,0.994359171693
1025,LEAVE,5,0.0287203366443,0.971279663356
1026,LEAVE,6,0.838389699051,0.161610300949
1027,LEAVE,7,0.310877139807,0.689122860193
1028,LEAVE,8,0.88069544491,0.11930455509
1029,LEAVE,9,0.00637486062061,0.993625139379
1030,LEAVE,10,0.644675401591,0.355324598409
1031,LEAVE,11,0.50719884498,0.49280115502
1032,LEAVE,12,0.95734323397,0.0426567660296
1033,LEAVE,13,0.00553025038451,0.994469749615
1034,LEAVE,14,0.153006430191,0.846993569809
1035,LEAVE,15,0.994330916151,0.00566908384947
1037,LEAVE,0,0.610156033737,0.389843966263
1038,LEAVE,1,0.898114679513,0.101885320487
1039,LEAVE,2,0.950993539939,0.049006460061
1040,LEAVE,3,0.944033920138,0.055966079862
1041,LEAVE,4,0.0490095795575,0.950990420442
1042,LEAVE,5,0.947665196546,0.0523348034541
1043,LEAVE,6,0.918016447277,0.0819835527228
1044,LEAVE,7,0.46573881435,0.53426118565
1045,LEAVE,8,0.941487534551,0.0585124654495
1046,LEAVE,9,0.0490063364371,0.950993663563
1047,LEAVE,10,0.950580509019,0.0494194909809
1048,LEAVE,11,0.9010906779,0.0989093221001
1049,LEAVE,12,0.949893262449,0.0501067375508
1050,LEAVE,13,0.100841700229,0.899158299771
1051,LEAVE,14,0.592735533003,0.407264466997
1052,LEAVE,15,0.947414653413,0.0525853465873
1054,LEAVE,0,0.759680288954,0.240319711046
1055,LEAVE,1,0.759680288955,0.240319711045
1056,LEAVE,2,0.759680288849,0.240319711151
1057,LEAVE,3,0.24079343585,0.75920656415
1058,LEAVE,4,0.240319711049,0.759680288951
1059,LEAVE,5,0.240319711424,0.759680288576
1060,LEAVE,6,0.759680288941,0.240319711059
1061,LEAVE,7,0.759617754458,0.240382245542
1062,LEAVE,8,0.276848380483,0.723151619517
1063,LEAVE,9,0.240319711044,0.759680288956
1064,LEAVE,10,0.256711366734,0.743288633266
1065,LEAVE,11,0.72528142652,0.27471857348
1066,LEAVE,12,0.268860622629,0.731139377371
1067,LEAVE,13,0.240319711045,0.759680288955
1068,LEAVE,14,0.24031986983,0.75968013017
1069,LEAVE,15,0.50277161527,0.49722838473
1071,LEAVE,0,0.885459039818,0.114540960182
1072,LEAVE,1,0.898459777659,0.101540222341
1073,LEAVE,2,0.978232776155,0.0217672238451
1074,LEAVE,3,0.137872956649,0.862127043351
1075,LEAVE,4,0.0272377640269,0.972762235973
1076,LEAVE,5,0.267476776944,0.732523223056
1077,LEAVE,6,0.889744303143,0.110255696857
1078,LEAVE,7,0.933120414017,0.0668795859831
1079,LEAVE,8,0.985868925173,0.0141310748275
1080,LEAVE,9,0.397539850426,0.602460149574
1081,LEAVE,10,0.823991731893,0.176008268107
1082,LEAVE,11,0.852344446589,0.147655553411
1083,LEAVE,12,0.940753277885,0.059246722115
1084,LEAVE,13,0.0140084862467,0.985991513753
1085,LEAVE,14,0.74311735604,0.25688264396
1086,LEAVE,15,0.946484661683,0.0535153383175
1088,LEAVE,0,0.834539378114,0.165460621886
1089,LEAVE,1,0.641385808221,0.358614191779
1090,LEAVE,2,0.483628006391,0.516371993609
1091,LEAVE,3,0.0895431491658,0.910456850834
1092,LEAVE,4,0.00625738330391,0.993742616696
1093,LEAVE,5,0.112316413401,0.887683586599
1094,LEAVE,6,0.868732427267,0.131267572733
1095,LEAVE,7,0.881604070008,0.118395929992
1096,LEAVE,8,0.989175213035,0.0108247869647
1097,LEAVE,9,0.216626361673,0.783373638327
1098,LEAVE,10,0.690909208854,0.309090791146
1099,LEAVE,11,0.229269788451,0.770730211549
1100,LEAVE,12,0.921975474032,0.0780245259678
1101,LEAVE,13,0.00740849865782,0.992591501342
1102,LEAVE,14,0.68233030068,0.31766969932
1103,LEAVE,15,0.981129775393,0.018870224607
1105,LEAVE,0,0.976631263742,0.0233687362575
1106,LEAVE,1,0.807316122163,0.192683877837
1107,LEAVE,2,0.835127240467,0.164872759533
1108,LEAVE,3,0.42371310465,0.57628689535
1109,LEAVE,4,0.194700791447,0.805299208553
1110,LEAVE,5,0.518287269388,0.481712730612
1111,LEAVE,6,0.98233392708,0.0176660729201
1112,LEAVE,7,0.801486333187,0.198513666813
1113,LEAVE,8,0.955277482987,0.0447225170125
1114,LEAVE,9,0.0583302433011,0.941669756699
1115,LEAVE,10,0.297961606365,0.702038393635
1116,LEAVE,11,0.0594975008588,0.940502499141
1117,LEAVE,12,0.516964708042,0.483035291958
1118,LEAVE,13,0.350973096248,0.649026903752
1119,LEAVE,14,0.438860480917,0.561139519083
1120,LEAVE,15,0.890677075443,0.109322924557
1122,LEAVE,0,0.990614589437,0.00938541056331
1123,LEAVE,1,0.954128467268,0.0458715327324
1124,LEAVE,2,0.976684210687,0.0233157893126
1125,LEAVE,3,0.44817378864,0.55182621136
1126,LEAVE,4,0.0202539410193,0.979746058981
1127,LEAVE,5,0.601270577957,0.398729422043
1128,LEAVE,6,0.978843780327,0.0211562196725
1129,LEAVE,7,0.856354632812,0.143645367188
1130,LEAVE,8,0.998834517953,0.00116548204723
1131,LEAVE,9,0.149051100888,0.850948899112
1132,LEAVE,10,0.606962108035,0.393037891965
1133,LEAVE,11,0.264446413535,0.735553586465
1134,LEAVE,12,0.924380787412,0.0756192125875
1135,LEAVE,13,0.187429566011,0.812570433989
1136,LEAVE,14,0.622330008318,0.377669991682
1137,LEAVE,15,0.995434081141,0.0045659188588
1139,LEAVE,0,0.98053767422,0.0194623257804
1140,LEAVE,1,0.90237894386,0.0976210561405
1141,LEAVE,2,0.915900502868,0.0840994971321
1142,LEAVE,3,0.207868020053,0.792131979947
1143,LEAVE,4,0.0573134134974,0.942686586503
1144,LEAVE,5,0.233627779266,0.766372220734
1145,LEAVE,6,0.92284320097,0.0771567990305
1146,LEAVE,7,0.721345060795,0.278654939205
1147,LEAVE,8,0.956452965042,0.0435470349582
1148,LEAVE,9,0.0303832535629,0.969616746437
1149,LEAVE,10,0.0101967719399,0.98980322806
1150,LEAVE,11,0.011870243584,0.988129756416
1151,LEAVE,12,0.22972414615,0.77027585385
1152,LEAVE,13,0.0204094515259,0.979590548474
1153,LEAVE,14,0.159343022381,0.840656977619
1154,LEAVE,15,0.728953759994,0.271046240006
1156,LEAVE,0,0.877968361494,0.122031638506
1157,LEAVE,1,0.977448925979,0.0225510740209
1158,LEAVE,2,0.975499631453,0.0245003685472
1159,LEAVE,3,0.628343794045,0.371656205955
1160,LEAVE,4,0.0175372611333,0.982462738867
1161,LEAVE,5,0.0438164275766,0.956183572423
1162,LEAVE,6,0.0553576394249,0.944642360575
1163,LEAVE,7,0.151530937333,0.848469062667
1164,LEAVE,8,0.402820848009,0.597179151991
1165,LEAVE,9,0.0175372374064,0.982462762594
1166,LEAVE,10,0.913568181745,0.0864318182546
1167,LEAVE,11,0.338214162928,0.661785837072
1168,LEAVE,12,0.939475072408,0.0605249275924
1169,LEAVE,13,0.0175371934437,0.982462806556
1170,LEAVE,14,0.627549455549,0.372450544451
1171,LEAVE,15,0.982375783645,0.0176242163546
1173,LEAVE,0,0.974609123262,0.0253908767383
1174,LEAVE,1,0.910945192362,0.0890548076379
1175,LEAVE,2,0.989623525074,0.010376474926
1176,LEAVE,3,0.904882063803,0.0951179361966
1177,LEAVE,4,0.0267302232773,0.973269776723
1178,LEAVE,5,0.972501332844,0.0274986671563
1179,LEAVE,6,0.977767751216,0.022232248784
1180,LEAVE,7,0.853092564097,0.146907435903
1181,LEAVE,8,0.874647974622,0.125352025378
1182,LEAVE,9,0.0128262594277,0.987173740572
1183,LEAVE,10,0.950630820858,0.0493691791425
1184,LEAVE,11,0.724693094105,0.275306905895
1185,LEAVE,12,0.878048321852,0.121951678148
1186,LEAVE,13,0.0169572315073,0.983042768493
1187,LEAVE,14,0.511525623101,0.488474376899
1188,LEAVE,15,0.954514555477,0.0454854445227
1190,LEAVE,0,0.991729959755,0.00827004024518
1191,LEAVE,1,0.958269445125,0.0417305548747
1192,LEAVE,2,0.990827111703,0.00917288829708
1193,LEAVE,3,0.932492378908,0.0675076210917
1194,LEAVE,4,0.0519543326673,0.948045667333
1195,LEAVE,5,0.98704185402,0.0129581459799
1196,LEAVE,6,0.991959055873,0.00804094412719
1197,LEAVE,7,0.986761211522,0.0132387884783
1198,LEAVE,8,0.991636325501,0.00836367449895
1199,LEAVE,9,0.450636390783,0.549363609217
1200,LEAVE,10,0.481393245177,0.518606754823
1201,LEAVE,11,0.21562140932,0.78437859068
1202,LEAVE,12,0.904931556342,0.0950684436578
1203,LEAVE,13,0.0543809920114,0.945619007989
1204,LEAVE,14,0.569980989405,0.430019010595
1205,LEAVE,15,0.976143459146,0.0238565408535
1207,LEAVE,0,0.946355834484,0.0536441655161
1208,LEAVE,1,0.969422556928,0.0305774430716
1209,LEAVE,2,0.879417299124,0.120582700876
1210,LEAVE,3,0.168997520074,0.831002479926
1211,LEAVE,4,0.449329191614,0.550670808386
1212,LEAVE,5,0.260896857028,0.739103142972
1213,LEAVE,6,0.920165656267,0.0798343437327
1214,LEAVE,7,0.358798296415,0.641201703585
1215,LEAVE,8,0.93141937128,0.0685806287202
1216,LEAVE,9,0.0173190219324,0.982680978068
1217,LEAVE,10,0.980147087783,0.0198529122167
1218,LEAVE,11,0.84471521409,0.15528478591
1219,LEAVE,12,0.990562320739,0.0094376792614
1220,LEAVE,13,0.989351298903,0.0106487010968
1221,LEAVE,14,0.997249001688,0.00275099831236
1222,LEAVE,15,0.997483544392,0.00251645560833
1224,LEAVE,0,0.464009209365,0.535990790635
1225,LEAVE,1,0.320172129729,0.679827870271
1226,LEAVE,2,0.167457647024,0.832542352976
1227,LEAVE,3,0.0123239843534,0.987676015647
1228,LEAVE,4,0.529287123972,0.470712876028
1229,LEAVE,5,0.0422208227662,0.957779177234
1230,LEAVE,6,0.188045066685,0.811954933315
1231,LEAVE,7,0.233785704564,0.766214295436
1232,LEAVE,8,0.831477359387,0.168522640613
1233,LEAVE,9,0.0605874631582,0.939412536842
1234,LEAVE,10,0.96617719106,0.0338228089402
1235,LEAVE,11,0.468408959262,0.531591040738
1236,LEAVE,12,0.846317472148,0.153682527852
1237,LEAVE,13,0.930331095063,0.069668904937
1238,LEAVE,14,0.97258911152,0.0274108884796
1239,LEAVE,15,0.901560881996,0.0984391180044
1241,LEAVE,0,0.921397165077,0.078602834923
1242,LEAVE,1,0.949396656612,0.0506033433885
1243,LEAVE,2,0.614389351694,0.385610648306
1244,LEAVE,3,0.184605437092,0.815394562908
1245,LEAVE,4,0.813022221014,0.186977778986
1246,LEAVE,5,0.383584564743,0.616415435257
1247,LEAVE,6,0.96876174779,0.0312382522096
1248,LEAVE,7,0.812736338671,0.187263661329
1249,LEAVE,8,0.942283050439,0.0577169495615
1250,LEAVE,9,0.0355902364611,0.964409763539
1251,LEAVE,10,0.606752289353,0.393247710647
1252,LEAVE,11,0.160099390125,0.839900609875
1253,LEAVE,12,0.777164813365,0.222835186635
1254,LEAVE,13,0.984424787676,0.0155752123245
1255,LEAVE,14,0.87302674688,0.12697325312
1256,LEAVE,15,0.905045871588,0.0949541284124
1258,LEAVE,0,0.939253615201,0.0607463847987
1259,LEAVE,1,0.775236086138,0.224763913862
1260,LEAVE,2,0.750114061373,0.249885938627
1261,LEAVE,3,0.255002288927,0.744997711073
1262,LEAVE,4,0.0951353839796,0.90486461602
1263,LEAVE,5,0.122010726031,0.877989273969
1264,LEAVE,6,0.157966162633,0.842033837367
1265,LEAVE,7,0.0305219656797,0.96947803432
1266,LEAVE,8,0.15244967541,0.84755032459
1267,LEAVE,9,0.0113114243636,0.988688575636
1268,LEAVE,10,0.837888146966,0.162111853034
1269,LEAVE,11,0.11468270367,0.88531729633
1270,LEAVE,12,0.931906554509,0.0680934454914
1271,LEAVE,13,0.98869994349,0.0113000565101
1272,LEAVE,14,0.963517577632,0.0364824223679
1273,LEAVE,15,0.964115100425,0.0358848995749
1275,LEAVE,0,0.553430575876,0.446569424124
1276,LEAVE,1,0.345092701499,0.654907298501
1277,LEAVE,2,0.332897179019,0.667102820981
1278,LEAVE,3,0.708539227974,0.291460772026
1279,LEAVE,4,0.59192276196,0.40807723804
1280,LEAVE,5,0.07256962156,0.92743037844
1281,LEAVE,6,0.336677465213,0.663322534787
1282,LEAVE,7,0.0444583961598,0.95554160384
1283,LEAVE,8,0.966218737179,0.0337812628207
1284,LEAVE,9,0.189029675429,0.810970324571
1285,LEAVE,10,0.921519747674,0.0784802523265
1286,LEAVE,11,0.717261657414,0.282738342586
1287,LEAVE,12,0.945029262021,0.0549707379786
1288,LEAVE,13,0.785684488657,0.214315511343
1289,LEAVE,14,0.97985871965,0.0201412803502
1290,LEAVE,15,0.980692436386,0.0193075636143
1292,LEAVE,0,0.346104457726,0.653895542274
1293,LEAVE,1,0.817382479575,0.182617520425
1294,LEAVE,2,0.231107539043,0.768892460957
1295,LEAVE,3,0.192585053946,0.807414946054
1296,LEAVE,4,0.273521444898,0.726478555102
1297,LEAVE,5,0.169042590239,0.830957409761
1298,LEAVE,6,0.675259400602,0.324740599398
1299,LEAVE,7,0.698190459339,0.301809540661
1300,LEAVE,8,0.820046183885,0.179953816115
1301,LEAVE,9,0.595532455479,0.404467544521
1302,LEAVE,10,0.8305362919,0.1694637081
1303,LEAVE,11,0.812045390243,0.187954609757
1304,LEAVE,12,0.840252980416,0.159747019584
1305,LEAVE,13,0.697449316228,0.302550683772
1306,LEAVE,14,0.830100133153,0.169899866847
1307,LEAVE,15,0.841699267953,0.158300732047
1309,LEAVE,0,0.995193432068,0.00480656793165
1310,LEAVE,1,0.959318170402,0.0406818295983
1311,LEAVE,2,0.980134044642,0.0198659553576
1312,LEAVE,3,0.332611622974,0.667388377026
1313,LEAVE,4,0.398393574435,0.601606425565
1314,LEAVE,5,0.0411472029517,0.958852797048
1315,LEAVE,6,0.816220475291,0.183779524709
1316,LEAVE,7,0.445355032238,0.554644967762
1317,LEAVE,8,0.851800225152,0.148199774848
1318,LEAVE,9,0.004640230325,0.995359769675
1319,LEAVE,10,0.912448296876,0.0875517031239
1320,LEAVE,11,0.330756764555,0.669243235445
1321,LEAVE,12,0.867451372984,0.132548627016
1322,LEAVE,13,0.99226153533,0.00773846467044
1323,LEAVE,14,0.930099869191,0.0699001308095
1324,LEAVE,15,0.994583831455,0.00541616854517
1326,LEAVE,0,0.83668970131,0.16331029869
1327,LEAVE,1,0.757499965881,0.242500034119
1328,LEAVE,2,0.75423117176,0.24576882824
1329,LEAVE,3,0.709067082495,0.290932917505
1330,LEAVE,4,0.95809780073,0.0419021992696
1331,LEAVE,5,0.107798503292,0.892201496708
1332,LEAVE,6,0.461719391986,0.538280608014
1333,LEAVE,7,0.0824708210329,0.917529178967
1334,LEAVE,8,0.315576273371,0.684423726629
1335,LEAVE,9,0.00728235307988,0.99271764692
1336,LEAVE,10,0.988834388652,0.011165611348
1337,LEAVE,11,0.754448156582,0.245551843418
1338,LEAVE,12,0.914345054816,0.0856549451844
1339,LEAVE,13,0.964750949341,0.0352490506586
1340,LEAVE,14,0.992285788325,0.00771421167452
1341,LEAVE,15,0.96687346402,0.0331265359796
1343,LEAVE,0,0.712900028672,0.287099971328
1344,LEAVE,1,0.766466178423,0.233533821577
1345,LEAVE,2,0.491194945016,0.508805054984
1346,LEAVE,3,0.0441465839397,0.95585341606
1347,LEAVE,4,0.178990374416,0.821009625584
1348,LEAVE,5,0.0324316018711,0.967568398129
1349,LEAVE,6,0.051752617781,0.948247382219
1350,LEAVE,7,0.0199625695108,0.980037430489
1351,LEAVE,8,0.158911052871,0.841088947129
1352,LEAVE,9,0.00650071233423,0.993499287666
1353,LEAVE,10,0.985106460871,0.0148935391292
1354,LEAVE,11,0.947004829953,0.0529951700467
1355,LEAVE,12,0.971685082636,0.0283149173636
1356,LEAVE,13,0.71601890705,0.28398109295
1357,LEAVE,14,0.963802402786,0.0361975972143
1358,LEAVE,15,0.988396927063,0.0116030729369
1360,LEAVE,0,0.848729764283,0.151270235717
1361,LEAVE,1,0.805770283115,0.194229716885
1362,LEAVE,2,0.56840829336,0.43159170664
1363,LEAVE,3,0.167040712434,0.832959287566
1364,LEAVE,4,0.722044780851,0.277955219149
1365,LEAVE,5,0.0245933535032,0.975406646497
1366,LEAVE,6,0.906275491007,0.0937245089927
1367,LEAVE,7,0.866494967299,0.133505032701
1368,LEAVE,8,0.993513265464,0.00648673453591
1369,LEAVE,9,0.22317754289,0.77682245711
1370,LEAVE,10,0.957261502318,0.0427384976819
1371,LEAVE,11,0.686493941255,0.313506058745
1372,LEAVE,12,0.977295333197,0.0227046668033
1373,LEAVE,13,0.989476807773,0.0105231922274
1374,LEAVE,14,0.985466761338,0.0145332386616
1375,LEAVE,15,0.987881545656,0.012118454344
1377,LEAVE,0,0.983538895368,0.0164611046321
1378,LEAVE,1,0.961646022696,0.0383539773035
1379,LEAVE,2,0.848658473084,0.151341526916
1380,LEAVE,3,0.0217107748843,0.978289225116
1381,LEAVE,4,0.0381081051256,0.961891894874
1382,LEAVE,5,0.147243897227,0.852756102773
1383,LEAVE,6,0.6355504985,0.3644495015
1384,LEAVE,7,0.311175139114,0.688824860886
1385,LEAVE,8,0.789970270991,0.210029729009
1386,LEAVE,9,0.0122948391347,0.987705160865
1387,LEAVE,10,0.972692040875,0.0273079591246
1388,LEAVE,11,0.0316658106655,0.968334189335
1389,LEAVE,12,0.762465983735,0.237534016265
1390,LEAVE,13,0.98855980894,0.0114401910597
1391,LEAVE,14,0.921152462844,0.0788475371564
1392,LEAVE,15,0.948884984647,0.051115015353
1394,LEAVE,0,0.379184582393,0.620815417607
1395,LEAVE,1,0.22940540421,0.77059459579
1396,LEAVE,2,0.0605607846142,0.939439215386
1397,LEAVE,3,0.0376227421895,0.962377257811
1398,LEAVE,4,0.371713969906,0.628286030094
1399,LEAVE,5,0.0288351734604,0.97116482654
1400,LEAVE,6,0.371797258861,0.628202741139
1401,LEAVE,7,0.330848911706,0.669151088294
1402,LEAVE,8,0.815496448399,0.184503551601
1403,LEAVE,9,0.16406626305,0.83593373695
1404,LEAVE,10,0.932516336495,0.0674836635049
1405,LEAVE,11,0.681453807611,0.318546192389
1406,LEAVE,12,0.881654783128,0.118345216872
1407,LEAVE,13,0.80654310789,0.19345689211
1408,LEAVE,14,0.991932549571,0.00806745042934
1409,LEAVE,15,0.991118686244,0.00888131375624
1411,LEAVE,0,0.747100689255,0.252899310745
1412,LEAVE,1,0.808103144203,0.191896855797
1413,LEAVE,2,0.297408328525,0.702591671475
1414,LEAVE,3,0.105255810507,0.894744189493
1415,LEAVE,4,0.181428386253,0.818571613747
1416,LEAVE,5,0.00550562600763,0.994494373992
1417,LEAVE,6,0.327359437563,0.672640562437
1418,LEAVE,7,0.15010711832,0.84989288168
1419,LEAVE,8,0.859642737606,0.140357262394
1420,LEAVE,9,0.017962182453,0.982037817547
1421,LEAVE,10,0.986058046115,0.0139419538849
1422,LEAVE,11,0.628683321245,0.371316678755
1423,LEAVE,12,0.962549230712,0.0374507692877
1424,LEAVE,13,0.586948452392,0.413051547608
1425,LEAVE,14,0.932993572096,0.067006427904
1426,LEAVE,15,0.968303395234,0.0316966047658
1428,LEAVE,0,0.964952031472,0.0350479685277
1429,LEAVE,1,0.761489960777,0.238510039223
1430,LEAVE,2,0.65430242542,0.34569757458
1431,LEAVE,3,0.0129276154594,0.987072384541
1432,LEAVE,4,0.0379299857844,0.962070014216
1433,LEAVE,5,0.0375209772048,0.962479022795
1434,LEAVE,6,0.865328392947,0.134671607053
1435,LEAVE,7,0.224466896758,0.775533103242
1436,LEAVE,8,0.801075400749,0.198924599251
1437,LEAVE,9,0.0215265321357,0.978473467864
1438,LEAVE,10,0.729920846752,0.270079153248
1439,LEAVE,11,0.252727268182,0.747272731818
1440,LEAVE,12,0.981976521551,0.0180234784486
1441,LEAVE,13,0.987740585201,0.0122594147994
1442,LEAVE,14,0.810681456798,0.189318543202
1443,LEAVE,15,0.980004439231,0.0199955607687
1445,LEAVE,0,0.784293939945,0.215706060055
1446,LEAVE,1,0.514361639569,0.485638360431
1447,LEAVE,2,0.389840655483,0.610159344517
1448,LEAVE,3,0.13249121941,0.86750878059
1449,LEAVE,4,0.631744777922,0.368255222078
1450,LEAVE,5,0.67691847685,0.32308152315
1451,LEAVE,6,0.714405465247,0.285594534753
1452,LEAVE,7,0.690971122772,0.309028877228
1453,LEAVE,8,0.981167424896,0.0188325751038
1454,LEAVE,9,0.0439380800593,0.956061919941
1455,LEAVE,10,0.930931422677,0.0690685773233
1456,LEAVE,11,0.586472592549,0.413527407451
1457,LEAVE,12,0.968594878432,0.0314051215677
1458,LEAVE,13,0.941078773559,0.058921226441
1459,LEAVE,14,0.991270481389,0.00872951861096
1460,LEAVE,15,0.984996724194,0.015003275806
1462,LEAVE,0,0.666769560675,0.333230439325
1463,LEAVE,1,0.437618547588,0.562381452412
1464,LEAVE,2,0.436287225162,0.563712774838
1465,LEAVE,3,0.602987879721,0.397012120279
1466,LEAVE,4,0.749200727086,0.250799272914
1467,LEAVE,5,0.157592691591,0.842407308409
1468,LEAVE,6,0.0925487266814,0.907451273319
1469,LEAVE,7,0.129091524629,0.870908475371
1470,LEAVE,8,0.336914827856,0.663085172144
1471,LEAVE,9,0.033534525194,0.966465474806
1472,LEAVE,10,0.779720978364,0.220279021636
1473,LEAVE,11,0.496820835963,0.503179164037
1474,LEAVE,12,0.964927193694,0.0350728063062
1475,LEAVE,13,0.979390839481,0.0206091605189
1476,LEAVE,14,0.937716393939,0.0622836060614
1477,LEAVE,15,0.959009920939,0.0409900790612
1479,LEAVE,0,0.903482218333,0.096517781667
1480,LEAVE,1,0.781396692343,0.218603307657
1481,LEAVE,2,0.95479430964,0.04520569036
1482,LEAVE,3,0.217135254822,0.782864745178
1483,LEAVE,4,0.47594947802,0.52405052198
1484,LEAVE,5,0.126994850393,0.873005149607
1485,LEAVE,6,0.656291208777,0.343708791223
1486,LEAVE,7,0.464240356851,0.535759643149
1487,LEAVE,8,0.810557460629,0.189442539371
1488,LEAVE,9,0.0277880472577,0.972211952742
1489,LEAVE,10,0.900780103888,0.099219896112
1490,LEAVE,11,0.836236622988,0.163763377012
1491,LEAVE,12,0.767024418496,0.232975581504
1492,LEAVE,13,0.973532805631,0.026467194369
1493,LEAVE,14,0.50814402951,0.49185597049
1494,LEAVE,15,0.944440381769,0.0555596182308
1496,LEAVE,0,0.94723606736,0.0527639326402
1497,LEAVE,1,0.910985731572,0.0890142684278
1498,LEAVE,2,0.732171239825,0.267828760175
1499,LEAVE,3,0.00486288887271,0.995137111127
1500,LEAVE,4,0.0434153131332,0.956584686867
1501,LEAVE,5,0.40020096817,0.59979903183
1502,LEAVE,6,0.975245136793,0.0247548632066
1503,LEAVE,7,0.952685644915,0.0473143550849
1504,LEAVE,8,0.994140613395,0.00585938660546
1505,LEAVE,9,0.209046640089,0.790953359911
1506,LEAVE,10,0.967874502066,0.0321254979338
1507,LEAVE,11,0.931420555845,0.0685794441547
1508,LEAVE,12,0.971348580501,0.0286514194993
1509,LEAVE,13,0.995847211446,0.00415278855429
1510,LEAVE,14,0.994853498373,0.00514650162729
1511,LEAVE,15,0.995822129511,0.00417787048944
1513,LEAVE,0,0.992204186757,0.0077958132433
1514,LEAVE,1,0.989420030167,0.0105799698334
1515,LEAVE,2,0.967087297174,0.0329127028262
1516,LEAVE,3,0.173678971741,0.826321028259
1517,LEAVE,4,0.0719677366809,0.928032263319
1518,LEAVE,5,0.100548123818,0.899451876182
1519,LEAVE,6,0.984673762704,0.0153262372962
1520,LEAVE,7,0.929062449047,0.0709375509534
1521,LEAVE,8,0.959387539909,0.0406124600908
1522,LEAVE,9,0.145848324867,0.854151675133
1523,LEAVE,10,0.967496461002,0.0325035389983
1524,LEAVE,11,0.717972677681,0.282027322319
1525,LEAVE,12,0.993940018664,0.00605998133557
1526,LEAVE,13,0.994647908931,0.00535209106876
1527,LEAVE,14,0.991398190182,0.00860180981829
1528,LEAVE,15,0.994648161328,0.00535183867185
1530,LEAVE,0,0.937240216992,0.0627597830077
1531,LEAVE,1,0.612953403269,0.387046596731
1532,LEAVE,2,0.722877975687,0.277122024313
1533,LEAVE,3,0.0332323911082,0.966767608892
1534,LEAVE,4,0.0525099286784,0.947490071322
1535,LEAVE,5,0.0818667271348,0.918133272865
1536,LEAVE,6,0.658070896282,0.341929103718
1537,LEAVE,7,0.281606392204,0.718393607796
1538,LEAVE,8,0.765608144283,0.234391855717
1539,LEAVE,9,0.0420997207669,0.957900279233
1540,LEAVE,10,0.409913650588,0.590086349412
1541,LEAVE,11,0.342737831044,0.657262168956
1542,LEAVE,12,0.724576483876,0.275423516124
1543,LEAVE,13,0.961666173172,0.0383338268281
1544,LEAVE,14,0.957592272115,0.0424077278846
1545,LEAVE,15,0.917737453387,0.082262546613
1547,LEAVE,0,0.964041630877,0.0359583691229
1548,LEAVE,1,0.480547555014,0.519452444986
1549,LEAVE,2,0.685881909415,0.314118090585
1550,LEAVE,3,0.373778050062,0.626221949938
1551,LEAVE,4,0.799210478111,0.200789521889
1552,LEAVE,5,0.325400701229,0.674599298771
1553,LEAVE,6,0.373722031758,0.626277968242
1554,LEAVE,7,0.446116178901,0.553883821099
1555,LEAVE,8,0.827565205422,0.172434794578
1556,LEAVE,9,0.033496703597,0.966503296403
1557,LEAVE,10,0.670017724885,0.329982275115
1558,LEAVE,11,0.0382580533575,0.961741946643
1559,LEAVE,12,0.355537773156,0.644462226844
1560,LEAVE,13,0.966314663451,0.0336853365488
1561,LEAVE,14,0.879696007836,0.120303992164
1562,LEAVE,15,0.799113183725,0.200886816275
##EDGES##
0,1,0.00187995943687
0,50,0.000815195563948
0,67,0.00836146130712
0,84,0.00239371884674
0,101,0.0452400183576
0,118,0.212833589949
0,135,0.00119628603399
0,152,0.0413754255694
0,169,0.0253518405872
0,186,0.00066216844778
0,203,0.00087132298338
0,220,0.000506232144752
0,237,0.00147263784564
0,254,0.000199850600866
0,271,0.000204834690882
0,288,0.00373356647684
0,305,0.000570673862931
0,322,0.00125307383602
0,339,0.00500915065494
0,356,0.04287906707
0,373,0.000238781027204
0,390,0.00233243201547
0,407,0.00010736553632
0,424,0.00793692778979
0,441,0.0466793054371
0,458,0.0155456878036
0,475,0.00963092243697
0,492,0.00967058435067
0,509,0.000605359074448
0,526,0.000848750561667
0,543,0.0027926691551
0,560,0.00220414134455
0,577,0.00142389797004
0,594,0.00252549549482
0,611,0.0651018576891
0,628,0.000218171738498
0,645,0.00585677931944
0,662,0.00354775459014
0,679,0.00233147312282
0,696,5.43556756901e-05
0,713,0.00269913614676
0,730,0.00717766783578
0,747,0.00356193033181
0,764,0.0015693430083
0,781,0.00710072062
0,798,0.00601595956276
0,815,0.00117741869027
0,832,0.00979812018196
0,849,0.00288383539482
0,866,0.0026604413242
0,883,0.000799181581587
0,900,0.0109513856212
0,917,0.000568305622247
0,934,0.0226802960566
0,951,0.00219077372404
0,968,0.0264895684169
0,985,0.000372237430751
0,1002,0.00562525240787
0,1019,0.00975770155263
0,1036,0.00100371671701
0,1053,0.000117853496731
0,1070,0.00383844073004
0,1087,0.00891452910026
0,1104,0.00648545111933
0,1121,0.0666822958186
0,1138,0.0117009524872
0,1155,0.00300052069573
0,1172,0.00568550672933
0,1189,0.00671627342044
0,1206,0.0253821278564
0,1223,0.0104731280703
0,1240,0.00339239033245
0,1257,0.00471970224897
0,1274,0.00280203388223
0,1291,0.000236804304255
0,1308,0.0130583593623
0,1325,0.00774494376583
0,1342,0.00836384694855
0,1359,0.041225992061
0,1376,0.0046595116842
0,1393,0.0100710339625
0,1410,0.010327807915
0,1427,0.00446866889975
0,1444,0.0065844908118
0,1461,0.00336768122061
0,1478,0.00201597662716
0,1495,0.0130360092427
0,1512,0.0100811839358
0,1529,0.00178167041258
0,1546,0.00151903423129
1,2
1,5
1,8
1,11
1,14
1,17
1,20
1,23
1,26
1,29
1,32
1,35
1,38
1,41
1,44
1,47
50,51
50,52
50,53
50,54
50,55
50,56
50,57
50,58
50,59
50,60
50,61
50,62
50,63
50,64
50,65
50,66
67,68
67,69
67,70
67,71
67,72
67,73
67,74
67,75
67,76
67,77
67,78
67,79
67,80
67,81
67,82
67,83
84,85
84,86
84,87
84,88
84,89
84,90
84,91
84,92
84,93
84,94
84,95
84,96
84,97
84,98
84,99
84,100
101,102
101,103
101,104
101,105
101,106
101,107
101,108
101,109
101,110
101,111
101,112
101,113
101,114
101,115
101,116
101,117
118,119
118,120
118,121
118,122
118,123
118,124
118,125
118,126
118,127
118,128
118,129
118,130
118,131
118,132
118,133
118,134
135,136
135,137
135,138
135,139
135,140
135,141
135,142
135,143
135,144
135,145
135,146
135,147
135,148
135,149
135,150
135,151
152,153
152,154
152,155
152,156
152,157
152,158
152,159
152,160
152,161
152,162
152,163
152,164
152,165
152,166
152,167
152,168
169,170
169,171
169,172
169,173
169,174
169,175
169,176
169,177
169,178
169,179
169,180
169,181
169,182
169,183
169,184
169,185
186,187
186,188
186,189
186,190
186,191
186,192
186,193
186,194
186,195
186,196
186,197
186,198
186,199
186,200
186,201
186,202
203,204
203,205
203,206
203,207
203,208
203,209
203,210
203,211
203,212
203,213
203,214
203,215
203,216
203,217
203,218
203,219
220,221
220,222
220,223
220,224
220,225
220,226
220,227
220,228
220,229
220,230
220,231
220,232
220,233
220,234
220,235
220,236
237,238
237,239
237,240
237,241
237,242
237,243
237,244
237,245
237,246
237,247
237,248
237,249
237,250
237,251
237,252
237,253
254,255
254,256
254,257
254,258
254,259
254,260
254,261
254,262
254,263
254,264
254,265
254,266
254,267
254,268
254,269
254,270
271,272
271,273
271,274
271,275
271,276
271,277
271,278
271,279
271,280
271,281
271,282
271,283
271,284
271,285
271,286
271,287
288,289
288,290
288,291
288,292
288,293
288,294
288,295
288,296
288,297
288,298
288,299
288,300
288,301
288,302
288,303
288,304
305,306
305,307
305,308
305,309
305,310
305,311
305,312
305,313
305,314
305,315
305,316
305,317
305,318
305,319
305,320
305,321
322,323
322,324
322,325
322,326
322,327
322,328
322,329
322,330
322,331
322,332
322,333
322,334
322,335
322,336
322,337
322,338
339,340
339,341
339,342
339,343
339,344
339,345
339,346
339,347
339,348
339,349
339,350
339,351
339,352
339,353
339,354
339,355
356,357
356,358
356,359
356,360
356,361
356,362
356,363
356,364
356,365
356,366
356,367
356,368
356,369
356,370
356,371
356,372
373,374
373,375
373,376
373,377
373,378
373,379
373,380
373,381
373,382
373,383
373,384
373,385
373,386
373,387
373,388
373,389
390,391
390,392
390,393
390,394
390,395
390,396
390,397
390,398
390,399
390,400
390,401
390,402
390,403
390,404
390,405
390,406
407,408
407,409
407,410
407,411
407,412
407,413
407,414
407,415
407,416
407,417
407,418
407,419
407,420
407,421
407,422
407,423
424,425
424,426
424,427
424,428
424,429
424,430
424,431
424,432
424,433
424,434
424,435
424,436
424,437
424,438
424,439
424,440
441,442
441,443
441,444
441,445
441,446
441,447
441,448
441,449
441,450
441,451
441,452
441,453
441,454
441,455
441,456
441,457
458,459
458,460
458,461
458,462
458,463
458,464
458,465
458,466
458,467
458,468
458,469
458,470
458,471
458,472
458,473
458,474
475,476
475,477
475,478
475,479
475,480
475,481
475,482
475,483
475,484
475,485
475,486
475,487
475,488
475,489
475,490
475,491
492,493
492,494
492,495
492,496
492,497
492,498
492,499
492,500
492,501
492,502
492,503
492,504
492,505
492,506
492,507
492,508
509,510
509,511
509,512
509,513
509,514
509,515
509,516
509,517
509,518
509,519
509,520
509,521
509,522
509,523
509,524
509,525
526,527
526,528
526,529
526,530
526,531
526,532
526,533
526,534
526,535
526,536
526,537
526,538
526,539
526,540
526,541
526,542
543,544
543,545
543,546
543,547
543,548
543,549
543,550
543,551
543,552
543,553
543,554
543,555
543,556
543,557
543,558
543,559
560,561
560,562
560,563
560,564
560,565
560,566
560,567
560,568
560,569
560,570
560,571
560,572
560,573
560,574
560,575
560,576
577,578
577,579
577,580
577,581
577,582
577,583
577,584
577,585
577,586
577,587
577,588
577,589
577,590
577,591
577,592
577,593
594,595
594,596
594,597
594,598
594,599
594,600
594,601
594,602
594,603
594,604
594,605
594,606
594,607
594,608
594,609
594,610
611,612
611,613
611,614
611,615
611,616
611,617
611,618
611,619
611,620
611,621
611,622
611,623
611,624
611,625
611,626
611,627
628,629
628,630
628,631
628,632
628,633
628,634
628,635
628,636
628,637
628,638
628,639
628,640
628,641
628,642
628,643
628,644
645,646
645,647
645,648
645,649
645,650
645,651
645,652
645,653
645,654
645,655
645,656
645,657
645,658
645,659
645,660
645,661
662,663
662,664
662,665
662,666
662,667
662,668
662,669
662,670
662,671
662,672
662,673
662,674
662,675
662,676
662,677
662,678
679,680
679,681
679,682
679,683
679,684
679,685
679,686
679,687
679,688
679,689
679,690
679,691
679,692
679,693
679,694
679,695
696,697
696,698
696,699
696,700
696,701
696,702
696,703
696,704
696,705
696,706
696,707
696,708
696,709
696,710
696,711
696,712
713,714
713,715
713,716
713,717
713,718
713,719
713,720
713,721
713,722
713,723
713,724
713,725
713,726
713,727
713,728
713,729
730,731
730,732
730,733
730,734
730,735
730,736
730,737
730,738
730,739
730,740
730,741
730,742
730,743
730,744
730,745
730,746
747,748
747,749
747,750
747,751
747,752
747,753
747,754
747,755
747,756
747,757
747,758
747,759
747,760
747,761
747,762
747,763
764,765
764,766
764,767
764,768
764,769
764,770
764,771
764,772
764,773
764,774
764,775
764,776
764,777
764,778
764,779
764,780
781,782
781,783
781,784
781,785
781,786
781,787
781,788
781,789
781,790
781,791
781,792
781,793
781,794
781,795
781,796
781,797
798,799
798,800
798,801
798,802
798,803
798,804
798,805
798,806
798,807
798,808
798,809
798,810
798,811
798,812
798,813
798,814
815,816
815,817
815,818
815,819
815,820
815,821
815,822
815,823
815,824
815,825
815,826
815,827
815,828
815,829
815,830
815,831
832,833
832,834
832,835
832,836
832,837
832,838
832,839
832,840
832,841
832,842
832,843
832,844
832,845
832,846
832,847
832,848
849,850
849,851
849,852
849,853
849,854
849,855
849,856
849,857
849,858
849,859
849,860
849,861
849,862
849,863
849,864
849,865
866,867
866,868
866,869
866,870
866,871
866,872
866,873
866,874
866,875
866,876
866,877
866,878
866,879
866,880
866,881
866,882
883,884
883,885
883,886
883,887
883,888
883,889
883,890
883,891
883,892
883,893
883,894
883,895
883,896
883,897
883,898
883,899
900,901
900,902
900,903
900,904
900,905
900,906
900,907
900,908
900,909
900,910
900,911
900,912
900,913
900,914
900,915
900,916
917,918
917,919
917,920
917,921
917,922
917,923
917,924
917,925
917,926
917,927
917,928
917,929
917,930
917,931
917,932
917,933
934,935
934,936
934,937
934,938
934,939
934,940
934,941
934,942
934,943
934,944
934,945
934,946
934,947
934,948
934,949
934,950
951,952
951,953
951,954
951,955
951,956
951,957
951,958
951,959
951,960
951,961
951,962
951,963
951,964
951,965
951,966
951,967
968,969
968,970
968,971
968,972
968,973
968,974
968,975
968,976
968,977
968,978
968,979
968,980
968,981
968,982
968,983
968,984
985,986
985,987
985,988
985,989
985,990
985,991
985,992
985,993
985,994
985,995
985,996
985,997
985,998
985,999
985,1000
985,1001
1002,1003
1002,1004
1002,1005
1002,1006
1002,1007
1002,1008
1002,1009
1002,1010
1002,1011
1002,1012
1002,1013
1002,1014
1002,1015
1002,1016
1002,1017
1002,1018
1019,1020
1019,1021
1019,1022
1019,1023
1019,1024
1019,1025
1019,1026
1019,1027
1019,1028
1019,1029
1019,1030
1019,1031
1019,1032
1019,1033
1019,1034
1019,1035
1036,1037
1036,1038
1036,1039
1036,1040
1036,1041
1036,1042
1036,1043
1036,1044
1036,1045
1036,1046
1036,1047
1036,1048
1036,1049
1036,1050
1036,1051
1036,1052
1053,1054
1053,1055
1053,1056
1053,1057
1053,1058
1053,1059
1053,1060
1053,1061
1053,1062
1053,1063
1053,1064
1053,1065
1053,1066
1053,1067
1053,1068
1053,1069
1070,1071
1070,1072
1070,1073
1070,1074
1070,1075
1070,1076
1070,1077
1070,1078
1070,1079
1070,1080
1070,1081
1070,1082
1070,1083
1070,1084
1070,1085
1070,1086
1087,1088
1087,1089
1087,1090
1087,1091
1087,1092
1087,1093
1087,1094
1087,1095
1087,1096
1087,1097
1087,1098
1087,1099
1087,1100
1087,1101
1087,1102
1087,1103
1104,1105
1104,1106
1104,1107
1104,1108
1104,1109
1104,1110
1104,1111
1104,1112
1104,1113
1104,1114
1104,1115
1104,1116
1104,1117
1104,1118
1104,1119
1104,1120
1121,1122
1121,1123
1121,1124
1121,1125
1121,1126
1121,1127
1121,1128
1121,1129
1121,1130
1121,1131
1121,1132
1121,1133
1121,1134
1121,1135
1121,1136
1121,1137
1138,1139
1138,1140
1138,1141
1138,1142
1138,1143
1138,1144
1138,1145
1138,1146
1138,1147
1138,1148
1138,1149
1138,1150
1138,1151
1138,1152
1138,1153
1138,1154
1155,1156
1155,1157
1155,1158
1155,1159
1155,1160
1155,1161
1155,1162
1155,1163
1155,1164
1155,1165
1155,1166
1155,1167
1155,1168
1155,1169
1155,1170
1155,1171
1172,1173
1172,1174
1172,1175
1172,1176
1172,1177
1172,1178
1172,1179
1172,1180
1172,1181
1172,1182
1172,1183
1172,1184
1172,1185
1172,1186
1172,1187
1172,1188
1189,1190
1189,1191
1189,1192
1189,1193
1189,1194
1189,1195
1189,1196
1189,1197
1189,1198
1189,1199
1189,1200
1189,1201
1189,1202
1189,1203
1189,1204
1189,1205
1206,1207
1206,1208
1206,1209
1206,1210
1206,1211
1206,1212
1206,1213
1206,1214
1206,1215
1206,1216
1206,1217
1206,1218
1206,1219
1206,1220
1206,1221
1206,1222
1223,1224
1223,1225
1223,1226
1223,1227
1223,1228
1223,1229
1223,1230
1223,1231
1223,1232
1223,1233
1223,1234
1223,1235
1223,1236
1223,1237
1223,1238
1223,1239
1240,1241
1240,1242
1240,1243
1240,1244
1240,1245
1240,1246
1240,1247
1240,1248
1240,1249
1240,1250
1240,1251
1240,1252
1240,1253
1240,1254
1240,1255
1240,1256
1257,1258
1257,1259
1257,1260
1257,1261
1257,1262
1257,1263
1257,1264
1257,1265
1257,1266
1257,1267
1257,1268
1257,1269
1257,1270
1257,1271
1257,1272
1257,1273
1274,1275
1274,1276
1274,1277
1274,1278
1274,1279
1274,1280
1274,1281
1274,1282
1274,1283
1274,1284
1274,1285
1274,1286
1274,1287
1274,1288
1274,1289
1274,1290
1291,1292
1291,1293
1291,1294
1291,1295
1291,1296
1291,1297
1291,1298
1291,1299
1291,1300
1291,1301
1291,1302
1291,1303
1291,1304
1291,1305
1291,1306
1291,1307
1308,1309
1308,1310
1308,1311
1308,1312
1308,1313
1308,1314
1308,1315
1308,1316
1308,1317
1308,1318
1308,1319
1308,1320
1308,1321
1308,1322
1308,1323
1308,1324
1325,1326
1325,1327
1325,1328
1325,1329
1325,1330
1325,1331
1325,1332
1325,1333
1325,1334
1325,1335
1325,1336
1325,1337
1325,1338
1325,1339
1325,1340
1325,1341
1342,1343
1342,1344
1342,1345
1342,1346
1342,1347
1342,1348
1342,1349
1342,1350
1342,1351
1342,1352
1342,1353
1342,1354
1342,1355
1342,1356
1342,1357
1342,1358
1359,1360
1359,1361
1359,1362
1359,1363
1359,1364
1359,1365
1359,1366
1359,1367
1359,1368
1359,1369
1359,1370
1359,1371
1359,1372
1359,1373
1359,1374
1359,1375
1376,1377
1376,1378
1376,1379
1376,1380
1376,1381
1376,1382
1376,1383
1376,1384
1376,1385
1376,1386
1376,1387
1376,1388
1376,1389
1376,1390
1376,1391
1376,1392
1393,1394
1393,1395
1393,1396
1393,1397
1393,1398
1393,1399
1393,1400
1393,1401
1393,1402
1393,1403
1393,1404
1393,1405
1393,1406
1393,1407
1393,1408
1393,1409
1410,1411
1410,1412
1410,1413
1410,1414
1410,1415
1410,1416
1410,1417
1410,1418
1410,1419
1410,1420
1410,1421
1410,1422
1410,1423
1410,1424
1410,1425
1410,1426
1427,1428
1427,1429
1427,1430
1427,1431
1427,1432
1427,1433
1427,1434
1427,1435
1427,1436
1427,1437
1427,1438
1427,1439
1427,1440
1427,1441
1427,1442
1427,1443
1444,1445
1444,1446
1444,1447
1444,1448
1444,1449
1444,1450
1444,1451
1444,1452
1444,1453
1444,1454
1444,1455
1444,1456
1444,1457
1444,1458
1444,1459
1444,1460
1461,1462
1461,1463
1461,1464
1461,1465
1461,1466
1461,1467
1461,1468
1461,1469
1461,1470
1461,1471
1461,1472
1461,1473
1461,1474
1461,1475
1461,1476
1461,1477
1478,1479
1478,1480
1478,1481
1478,1482
1478,1483
1478,1484
1478,1485
1478,1486
1478,1487
1478,1488
1478,1489
1478,1490
1478,1491
1478,1492
1478,1493
1478,1494
1495,1496
1495,1497
1495,1498
1495,1499
1495,1500
1495,1501
1495,1502
1495,1503
1495,1504
1495,1505
1495,1506
1495,1507
1495,1508
1495,1509
1495,1510
1495,1511
1512,1513
1512,1514
1512,1515
1512,1516
1512,1517
1512,1518
1512,1519
1512,1520
1512,1521
1512,1522
1512,1523
1512,1524
1512,1525
1512,1526
1512,1527
1512,1528
1529,1530
1529,1531
1529,1532
1529,1533
1529,1534
1529,1535
1529,1536
1529,1537
1529,1538
1529,1539
1529,1540
1529,1541
1529,1542
1529,1543
1529,1544
1529,1545
1546,1547
1546,1548
1546,1549
1546,1550
1546,1551
1546,1552
1546,1553
1546,1554
1546,1555
1546,1556
1546,1557
1546,1558
1546,1559
1546,1560
1546,1561
1546,1562
