##NODES##
0,SUM
1,PRD
53,PRD
71,PRD
89,PRD
107,PRD
125,PRD
143,PRD
161,PRD
179,PRD
197,PRD
215,PRD
233,PRD
251,PRD
269,PRD
287,PRD
305,PRD
323,PRD
341,PRD
359,PRD
377,PRD
395,PRD
413,PRD
431,PRD
449,PRD
467,PRD
485,PRD
503,PRD
521,PRD
539,PRD
557,PRD
575,PRD
593,PRD
611,PRD
629,PRD
647,PRD
665,PRD
683,PRD
701,PRD
719,PRD
737,PRD
755,PRD
773,PRD
791,PRD
809,PRD
827,PRD
845,PRD
863,PRD
881,PRD
899,PRD
917,PRD
935,PRD
953,PRD
971,PRD
989,PRD
1007,PRD
1025,PRD
1043,PRD
1061,PRD
1079,PRD
1097,PRD
2,LEAVE,0,0.0668381731735,0.933161826827
5,LEAVE,1,0.997829229871,0.00217077012941
8,LEAVE,2,0.624327199427,0.375672800573
11,LEAVE,3,0.865080316795,0.134919683205
14,LEAVE,4,0.885899172841,0.114100827159
17,LEAVE,5,0.7714675592,0.2285324408
20,LEAVE,6,0.757122857745,0.242877142255
23,LEAVE,7,0.991685767398,0.00831423260246
26,LEAVE,8,0.962897096161,0.0371029038386
29,LEAVE,9,0.966424726536,0.033575273464
32,LEAVE,10,0.997822935017,0.00217706498349
35,LEAVE,11,0.00217077012941,0.997829229871
38,LEAVE,12,0.997312841457,0.00268715854294
41,LEAVE,13,0.911880371916,0.0881196280835
44,LEAVE,14,0.908608863383,0.0913911366171
47,LEAVE,15,0.97672722344,0.0232727765595
50,LEAVE,16,0.892408500585,0.107591499415
54,LEAVE,0,0.744574521972,0.255425478028
55,LEAVE,1,0.999916978708,8.30212918045e-05
56,LEAVE,2,0.779710424696,0.220289575304
57,LEAVE,3,0.816374753283,0.183625246717
58,LEAVE,4,0.983356931502,0.0166430684977
59,LEAVE,5,0.997744232789,0.00225576721148
60,LEAVE,6,0.966265037906,0.0337349620942
61,LEAVE,7,0.92865899355,0.0713410064497
62,LEAVE,8,0.695517998291,0.304482001709
63,LEAVE,9,0.939414919177,0.0605850808229
64,LEAVE,10,0.944018338702,0.0559816612985
65,LEAVE,11,8.30212918045e-05,0.999916978708
66,LEAVE,12,0.929003676124,0.0709963238765
67,LEAVE,13,0.907936464016,0.0920635359844
68,LEAVE,14,0.971431835159,0.0285681648411
69,LEAVE,15,0.998922514156,0.0010774858443
70,LEAVE,16,0.998186933638,0.00181306636242
72,LEAVE,0,0.453636345287,0.546363654713
73,LEAVE,1,0.991796744492,0.00820325550835
74,LEAVE,2,0.334113048624,0.665886951376
75,LEAVE,3,0.890756791328,0.109243208672
76,LEAVE,4,0.978835497635,0.0211645023654
77,LEAVE,5,0.983959700727,0.0160402992735
78,LEAVE,6,0.894767057422,0.105232942578
79,LEAVE,7,0.988126197971,0.0118738020291
80,LEAVE,8,0.948853623998,0.0511463760023
81,LEAVE,9,0.800905415352,0.199094584648
82,LEAVE,10,0.821236868446,0.178763131554
83,LEAVE,11,0.00820325550835,0.991796744492
84,LEAVE,12,0.985243063047,0.0147569369529
85,LEAVE,13,0.954515616052,0.045484383948
86,LEAVE,14,0.966635886036,0.0333641139637
87,LEAVE,15,0.9858160758,0.0141839241997
88,LEAVE,16,0.272804669082,0.727195330918
90,LEAVE,0,0.216259149089,0.783740850911
91,LEAVE,1,0.99957573672,0.000424263279799
92,LEAVE,2,0.975223852889,0.0247761471105
93,LEAVE,3,0.827768277754,0.172231722246
94,LEAVE,4,0.961352910737,0.0386470892629
95,LEAVE,5,0.956052192627,0.0439478073733
96,LEAVE,6,0.84526055069,0.15473944931
97,LEAVE,7,0.978023326959,0.0219766730406
98,LEAVE,8,0.964768020908,0.0352319790924
99,LEAVE,9,0.851127041592,0.148872958408
100,LEAVE,10,0.986255898161,0.013744101839
101,LEAVE,11,0.000424263279799,0.99957573672
102,LEAVE,12,0.998856160744,0.00114383925559
103,LEAVE,13,0.805956523451,0.194043476549
104,LEAVE,14,0.941622253644,0.0583777463563
105,LEAVE,15,0.997960612737,0.0020393872629
106,LEAVE,16,0.893325204153,0.106674795847
108,LEAVE,0,0.0232389612421,0.976761038758
109,LEAVE,1,0.997660752073,0.00233924792682
110,LEAVE,2,0.83881870758,0.16118129242
111,LEAVE,3,0.652063360153,0.347936639847
112,LEAVE,4,0.861575593498,0.138424406502
113,LEAVE,5,0.374514019357,0.625485980643
114,LEAVE,6,0.752843860652,0.247156139348
115,LEAVE,7,0.905228821428,0.0947711785725
116,LEAVE,8,0.769696348352,0.230303651648
117,LEAVE,9,0.84177579794,0.15822420206
118,LEAVE,10,0.997660438856,0.00233956114424
119,LEAVE,11,0.00233924792682,0.997660752073
120,LEAVE,12,0.932584201191,0.0674157988092
121,LEAVE,13,0.667669955214,0.332330044786
122,LEAVE,14,0.863922586162,0.136077413838
123,LEAVE,15,0.982298562989,0.017701437011
124,LEAVE,16,0.980339501041,0.0196604989592
126,LEAVE,0,0.0388230460497,0.96117695395
127,LEAVE,1,0.997381024535,0.00261897546527
128,LEAVE,2,0.561802724697,0.438197275303
129,LEAVE,3,0.918581641278,0.0814183587219
130,LEAVE,4,0.919802545542,0.0801974544576
131,LEAVE,5,0.574699534637,0.425300465363
132,LEAVE,6,0.937164797438,0.062835202562
133,LEAVE,7,0.936020812914,0.0639791870857
134,LEAVE,8,0.953191730999,0.0468082690009
135,LEAVE,9,0.433253907501,0.566746092499
136,LEAVE,10,0.997380352702,0.00261964729756
137,LEAVE,11,0.00261897546527,0.997381024535
138,LEAVE,12,0.983361435343,0.016638564657
139,LEAVE,13,0.758214415367,0.241785584633
140,LEAVE,14,0.891721546092,0.108278453908
141,LEAVE,15,0.99182053225,0.00817946775047
142,LEAVE,16,0.840070699551,0.159929300449
144,LEAVE,0,0.977770401288,0.0222295987119
145,LEAVE,1,0.994497136726,0.00550286327401
146,LEAVE,2,0.83149996421,0.16850003579
147,LEAVE,3,0.990571986471,0.00942801352927
148,LEAVE,4,0.126766734655,0.873233265345
149,LEAVE,5,0.99449688307,0.00550311693009
150,LEAVE,6,0.994460584699,0.00553941530058
151,LEAVE,7,0.936871475216,0.063128524784
152,LEAVE,8,0.700735213427,0.299264786573
153,LEAVE,9,0.893502942637,0.106497057363
154,LEAVE,10,0.854330125136,0.145669874864
155,LEAVE,11,0.00550286327401,0.994497136726
156,LEAVE,12,0.990121568758,0.00987843124207
157,LEAVE,13,0.971325225511,0.0286747744886
158,LEAVE,14,0.853865721082,0.146134278918
159,LEAVE,15,0.983321876895,0.0166781231053
160,LEAVE,16,0.994137228466,0.00586277153435
162,LEAVE,0,0.0447086283934,0.955291371607
163,LEAVE,1,0.999927625695,7.23743045492e-05
164,LEAVE,2,0.884145523677,0.115854476323
165,LEAVE,3,0.935313721665,0.0646862783354
166,LEAVE,4,0.989261099897,0.0107389001029
167,LEAVE,5,0.945802877617,0.0541971223831
168,LEAVE,6,0.927809891132,0.072190108868
169,LEAVE,7,0.985944722551,0.014055277449
170,LEAVE,8,0.9968765077,0.00312349230015
171,LEAVE,9,0.936329727565,0.0636702724352
172,LEAVE,10,0.999909219423,9.07805773375e-05
173,LEAVE,11,7.23743045492e-05,0.999927625695
174,LEAVE,12,0.999543450759,0.000456549240663
175,LEAVE,13,0.91326551966,0.0867344803401
176,LEAVE,14,0.985925314052,0.0140746859482
177,LEAVE,15,0.999532702015,0.000467297984881
178,LEAVE,16,0.999297141938,0.000702858061552
180,LEAVE,0,0.701070712166,0.298929287834
181,LEAVE,1,0.999430265239,0.000569734760545
182,LEAVE,2,0.940547990553,0.0594520094469
183,LEAVE,3,0.82425032713,0.17574967287
184,LEAVE,4,0.966707897221,0.033292102779
185,LEAVE,5,0.999210359113,0.000789640886802
186,LEAVE,6,0.913907212255,0.0860927877445
187,LEAVE,7,0.920239443112,0.0797605568885
188,LEAVE,8,0.989603697621,0.0103963023791
189,LEAVE,9,0.963261246077,0.0367387539234
190,LEAVE,10,0.988731261668,0.0112687383318
191,LEAVE,11,0.000569734760545,0.999430265239
192,LEAVE,12,0.996106834364,0.00389316563559
193,LEAVE,13,0.261870364571,0.738129635429
194,LEAVE,14,0.985992751204,0.0140072487959
195,LEAVE,15,0.99282883522,0.00717116478006
196,LEAVE,16,0.999277524212,0.0007224757875
198,LEAVE,0,0.997525669492,0.00247433050766
199,LEAVE,1,0.00247433050766,0.997525669492
200,LEAVE,2,0.915692624932,0.084307375068
201,LEAVE,3,0.978645145884,0.0213548541161
202,LEAVE,4,0.971150287505,0.0288497124953
203,LEAVE,5,0.984027658183,0.0159723418172
204,LEAVE,6,0.996791130829,0.00320886917129
205,LEAVE,7,0.991270146342,0.00872985365815
206,LEAVE,8,0.988640059362,0.011359940638
207,LEAVE,9,0.97837166376,0.0216283362401
208,LEAVE,10,0.890664601501,0.109335398499
209,LEAVE,11,0.363041508711,0.636958491289
210,LEAVE,12,0.997525398839,0.0024746011606
211,LEAVE,13,0.124252786881,0.875747213119
212,LEAVE,14,0.997291519958,0.00270848004202
213,LEAVE,15,0.987031600191,0.0129683998087
214,LEAVE,16,0.971905962987,0.028094037013
216,LEAVE,0,0.999000805996,0.000999194003996
217,LEAVE,1,0.000999194017736,0.999000805982
218,LEAVE,2,0.416601084916,0.583398915084
219,LEAVE,3,0.517779653599,0.482220346401
220,LEAVE,4,0.526857613558,0.473142386442
221,LEAVE,5,0.369313954882,0.630686045118
222,LEAVE,6,0.703901680586,0.296098319414
223,LEAVE,7,0.845714895405,0.154285104595
224,LEAVE,8,0.765454675363,0.234545324637
225,LEAVE,9,0.476108380164,0.523891619836
226,LEAVE,10,0.305378649147,0.694621350853
227,LEAVE,11,0.517329979522,0.482670020478
228,LEAVE,12,0.960872263465,0.0391277365349
229,LEAVE,13,0.694552093372,0.305447906628
230,LEAVE,14,0.740829833954,0.259170166046
231,LEAVE,15,0.995814357382,0.0041856426179
232,LEAVE,16,0.806820472243,0.193179527757
234,LEAVE,0,0.999022279033,0.00097772096714
235,LEAVE,1,0.0218265907583,0.978173409242
236,LEAVE,2,0.578000880618,0.421999119382
237,LEAVE,3,0.997384205449,0.00261579455119
238,LEAVE,4,0.666967807714,0.333032192286
239,LEAVE,5,0.815470022518,0.184529977482
240,LEAVE,6,0.997601136058,0.0023988639416
241,LEAVE,7,0.966608065517,0.0333919344829
242,LEAVE,8,0.862680624611,0.137319375389
243,LEAVE,9,0.986913703133,0.0130862968672
244,LEAVE,10,0.894892657152,0.105107342848
245,LEAVE,11,0.836738076213,0.163261923787
246,LEAVE,12,0.989708428085,0.0102915719152
247,LEAVE,13,0.95978989088,0.0402101091205
248,LEAVE,14,0.739733262673,0.260266737327
249,LEAVE,15,0.987781893249,0.0122181067508
250,LEAVE,16,0.935661127086,0.0643388729138
252,LEAVE,0,0.999370409021,0.000629590979041
253,LEAVE,1,0.7241994868,0.2758005132
254,LEAVE,2,0.4104803178,0.5895196822
255,LEAVE,3,0.997436665624,0.00256333437635
256,LEAVE,4,0.691099700438,0.308900299562
257,LEAVE,5,0.959170115079,0.0408298849212
258,LEAVE,6,0.995101041166,0.00489895883426
259,LEAVE,7,0.990016511438,0.00998348856181
260,LEAVE,8,0.998495423244,0.00150457675554
261,LEAVE,9,0.711842470932,0.288157529068
262,LEAVE,10,0.982347369871,0.0176526301293
263,LEAVE,11,0.9984332325,0.00156676749988
264,LEAVE,12,0.99937002789,0.000629972109719
265,LEAVE,13,0.997294715964,0.00270528403567
266,LEAVE,14,0.197795184046,0.802204815954
267,LEAVE,15,0.985853071109,0.0141469288907
268,LEAVE,16,0.983558060855,0.0164419391453
270,LEAVE,0,0.998745668501,0.0012543314992
271,LEAVE,1,0.805594773666,0.194405226334
272,LEAVE,2,0.0399817535575,0.960018246443
273,LEAVE,3,0.998248962351,0.00175103764894
274,LEAVE,4,0.791246482327,0.208753517673
275,LEAVE,5,0.998706700265,0.00129329973513
276,LEAVE,6,0.998740081962,0.00125991803759
277,LEAVE,7,0.998560862341,0.00143913765938
278,LEAVE,8,0.998741150647,0.00125884935269
279,LEAVE,9,0.388951751108,0.611048248892
280,LEAVE,10,0.998258901383,0.00174109861738
281,LEAVE,11,0.998088365638,0.00191163436218
282,LEAVE,12,0.998745665768,0.00125433423178
283,LEAVE,13,0.99861805324,0.00138194675995
284,LEAVE,14,0.959268193214,0.0407318067861
285,LEAVE,15,0.998563707529,0.00143629247087
286,LEAVE,16,0.874985826115,0.125014173885
288,LEAVE,0,0.999926173485,7.38265150684e-05
289,LEAVE,1,0.00134038921749,0.998659610783
290,LEAVE,2,0.661559361074,0.338440638926
291,LEAVE,3,0.804976926404,0.195023073596
292,LEAVE,4,0.968551169468,0.0314488305324
293,LEAVE,5,0.767036418551,0.232963581449
294,LEAVE,6,0.939925655162,0.0600743448378
295,LEAVE,7,0.930535707093,0.0694642929074
296,LEAVE,8,0.971858133226,0.0281418667741
297,LEAVE,9,0.783320096502,0.216679903498
298,LEAVE,10,0.936577184747,0.0634228152528
299,LEAVE,11,0.793459169503,0.206540830497
300,LEAVE,12,0.998105318586,0.00189468141396
301,LEAVE,13,0.877457654642,0.122542345358
302,LEAVE,14,0.877755378265,0.122244621735
303,LEAVE,15,0.997662773224,0.00233722677588
304,LEAVE,16,0.982153762465,0.0178462375345
306,LEAVE,0,0.999789982473,0.000210017527123
307,LEAVE,1,0.000210017541197,0.999789982459
308,LEAVE,2,0.799500734451,0.200499265549
309,LEAVE,3,0.992261422293,0.00773857770707
310,LEAVE,4,0.947972122587,0.0520278774133
311,LEAVE,5,0.855101886481,0.144898113519
312,LEAVE,6,0.966035181192,0.033964818808
313,LEAVE,7,0.856991320752,0.143008679248
314,LEAVE,8,0.66594083246,0.33405916754
315,LEAVE,9,0.982942536569,0.0170574634311
316,LEAVE,10,0.917203313228,0.0827966867724
317,LEAVE,11,0.545011950921,0.454988049079
318,LEAVE,12,0.968262542023,0.0317374579768
319,LEAVE,13,0.939959059066,0.0600409409341
320,LEAVE,14,0.997106524384,0.00289347561575
321,LEAVE,15,0.999641491185,0.000358508815017
322,LEAVE,16,0.981620970268,0.018379029732
324,LEAVE,0,0.999765304181,0.00023469581893
325,LEAVE,1,0.000234702850123,0.99976529715
326,LEAVE,2,0.914871932289,0.0851280677113
327,LEAVE,3,0.388409943267,0.611590056733
328,LEAVE,4,0.867759187727,0.132240812273
329,LEAVE,5,0.63645621976,0.36354378024
330,LEAVE,6,0.55904956451,0.44095043549
331,LEAVE,7,0.799399219787,0.200600780213
332,LEAVE,8,0.997727394871,0.00227260512927
333,LEAVE,9,0.868168554883,0.131831445117
334,LEAVE,10,0.812061502419,0.187938497581
335,LEAVE,11,0.868695661611,0.131304338389
336,LEAVE,12,0.992726393807,0.00727360619302
337,LEAVE,13,0.865560804563,0.134439195437
338,LEAVE,14,0.876025871998,0.123974128002
339,LEAVE,15,0.993792627229,0.00620737277114
340,LEAVE,16,0.935305649306,0.0646943506944
342,LEAVE,0,0.9998965347,0.000103465299921
343,LEAVE,1,0.00010346546366,0.999896534536
344,LEAVE,2,0.850382771456,0.149617228544
345,LEAVE,3,0.797803339294,0.202196660706
346,LEAVE,4,0.96358407522,0.03641592478
347,LEAVE,5,0.849743028254,0.150256971746
348,LEAVE,6,0.861887981338,0.138112018662
349,LEAVE,7,0.653771075055,0.346228924945
350,LEAVE,8,0.861632229824,0.138367770176
351,LEAVE,9,0.964635469076,0.0353645309244
352,LEAVE,10,0.94137544056,0.0586245594403
353,LEAVE,11,0.99027702732,0.00972297268005
354,LEAVE,12,0.974491648227,0.0255083517729
355,LEAVE,13,0.777211256027,0.222788743973
356,LEAVE,14,0.989773401993,0.0102265980073
357,LEAVE,15,0.997139784864,0.00286021513591
358,LEAVE,16,0.998983104282,0.00101689571807
360,LEAVE,0,0.999428770361,0.000571229639246
361,LEAVE,1,0.973503489207,0.0264965107934
362,LEAVE,2,0.863526065551,0.136473934449
363,LEAVE,3,0.936470497092,0.0635295029082
364,LEAVE,4,0.972406289858,0.0275937101417
365,LEAVE,5,0.963035606861,0.0369643931388
366,LEAVE,6,0.899903421269,0.100096578731
367,LEAVE,7,0.92977463518,0.0702253648202
368,LEAVE,8,0.19520125735,0.80479874265
369,LEAVE,9,0.988436809257,0.011563190743
370,LEAVE,10,0.978016546459,0.0219834535406
371,LEAVE,11,0.944472426381,0.0555275736186
372,LEAVE,12,0.0383849804292,0.961615019571
373,LEAVE,13,0.687210446961,0.312789553039
374,LEAVE,14,0.998002834949,0.00199716505076
375,LEAVE,15,0.998493493772,0.00150650622785
376,LEAVE,16,0.998993239202,0.00100676079783
378,LEAVE,0,0.999623280504,0.000376719496067
379,LEAVE,1,0.999426137361,0.000573862639438
380,LEAVE,2,0.990591389204,0.00940861079561
381,LEAVE,3,0.768847838266,0.231152161734
382,LEAVE,4,0.993700013592,0.00629998640787
383,LEAVE,5,0.999083323521,0.000916676478669
384,LEAVE,6,0.392068867953,0.607931132047
385,LEAVE,7,0.95316983316,0.0468301668401
386,LEAVE,8,0.981279151755,0.0187208482448
387,LEAVE,9,0.985600865323,0.0143991346774
388,LEAVE,10,0.996461973873,0.00353802612691
389,LEAVE,11,0.999238814945,0.000761185055103
390,LEAVE,12,0.350920589254,0.649079410746
391,LEAVE,13,0.41721493986,0.58278506014
392,LEAVE,14,0.966690058583,0.0333099414165
393,LEAVE,15,0.963999966731,0.0360000332691
394,LEAVE,16,0.990936564693,0.00906343530695
396,LEAVE,0,0.980781751357,0.0192182486434
397,LEAVE,1,0.989159742933,0.0108402570668
398,LEAVE,2,0.95929639961,0.0407036003902
399,LEAVE,3,0.906361048698,0.0936389513024
400,LEAVE,4,0.992007578177,0.00799242182254
401,LEAVE,5,0.972321923965,0.0276780760353
402,LEAVE,6,0.84041551971,0.15958448029
403,LEAVE,7,0.726370583473,0.273629416527
404,LEAVE,8,0.938725428516,0.0612745714836
405,LEAVE,9,0.988598169796,0.0114018302041
406,LEAVE,10,0.981651365978,0.0183486340225
407,LEAVE,11,0.993955330062,0.00604466993846
408,LEAVE,12,0.133378987308,0.866621012692
409,LEAVE,13,0.271171122852,0.728828877148
410,LEAVE,14,0.998727595068,0.00127240493211
411,LEAVE,15,0.999308456521,0.000691543479192
412,LEAVE,16,0.998461927205,0.00153807279532
414,LEAVE,0,0.996066786718,0.00393321328211
415,LEAVE,1,0.998604786185,0.00139521381452
416,LEAVE,2,0.955123541463,0.0448764585375
417,LEAVE,3,0.595825392407,0.404174607593
418,LEAVE,4,0.959434425333,0.040565574667
419,LEAVE,5,0.987089346257,0.0129106537428
420,LEAVE,6,0.679339761426,0.320660238574
421,LEAVE,7,0.951429361896,0.0485706381042
422,LEAVE,8,0.936062580733,0.0639374192671
423,LEAVE,9,0.972206356629,0.0277936433709
424,LEAVE,10,0.993961041853,0.00603895814703
425,LEAVE,11,0.95447837532,0.04552162468
426,LEAVE,12,0.316269737649,0.683730262351
427,LEAVE,13,0.357466029594,0.642533970406
428,LEAVE,14,0.969215002821,0.0307849971792
429,LEAVE,15,0.9914510633,0.00854893670042
430,LEAVE,16,0.998441271901,0.00155872809859
432,LEAVE,0,0.998987149685,0.001012850315
433,LEAVE,1,0.998996469432,0.00100353056764
434,LEAVE,2,0.00723873667839,0.992761263322
435,LEAVE,3,0.998947371884,0.00105262811649
436,LEAVE,4,0.976441860441,0.023558139559
437,LEAVE,5,0.998986730498,0.00101326950226
438,LEAVE,6,0.99639493222,0.00360506777973
439,LEAVE,7,0.986584675617,0.0134153243834
440,LEAVE,8,0.998995961185,0.0010040388155
441,LEAVE,9,0.96427417467,0.0357258253297
442,LEAVE,10,0.998996449243,0.00100355075714
443,LEAVE,11,0.998997574267,0.00100242573334
444,LEAVE,12,0.991491798306,0.00850820169372
445,LEAVE,13,0.00105958866863,0.998940411331
446,LEAVE,14,0.957326507621,0.0426734923789
447,LEAVE,15,0.998998053742,0.00100194625779
448,LEAVE,16,0.987488063436,0.0125119365645
450,LEAVE,0,0.876113102323,0.123886897677
451,LEAVE,1,0.95152643127,0.0484735687297
452,LEAVE,2,0.973392480323,0.0266075196769
453,LEAVE,3,0.838178014374,0.161821985626
454,LEAVE,4,0.983661835827,0.016338164173
455,LEAVE,5,0.864451361753,0.135548638247
456,LEAVE,6,0.684470653866,0.315529346134
457,LEAVE,7,0.952898850768,0.047101149232
458,LEAVE,8,0.846462184102,0.153537815898
459,LEAVE,9,0.980418069687,0.0195819303126
460,LEAVE,10,0.955254482043,0.0447455179571
461,LEAVE,11,0.975303076282,0.0246969237184
462,LEAVE,12,0.0721868944292,0.927813105571
463,LEAVE,13,0.169839837876,0.830160162124
464,LEAVE,14,0.977041309449,0.0229586905508
465,LEAVE,15,0.997814694285,0.00218530571498
466,LEAVE,16,0.994421303109,0.0055786968914
468,LEAVE,0,0.000170249679557,0.99982975032
469,LEAVE,1,0.000170249679557,0.99982975032
470,LEAVE,2,0.773304075935,0.226695924065
471,LEAVE,3,0.364287543916,0.635712456084
472,LEAVE,4,0.881535551289,0.118464448711
473,LEAVE,5,0.474121448278,0.525878551722
474,LEAVE,6,0.297239107903,0.702760892097
475,LEAVE,7,0.865714027582,0.134285972418
476,LEAVE,8,0.822763182935,0.177236817065
477,LEAVE,9,0.739204233705,0.260795766295
478,LEAVE,10,0.99982975032,0.000170249679557
479,LEAVE,11,0.722162205299,0.277837794701
480,LEAVE,12,0.960192198592,0.0398078014078
481,LEAVE,13,0.792335802391,0.207664197609
482,LEAVE,14,0.84270983574,0.15729016426
483,LEAVE,15,0.98484286338,0.01515713662
484,LEAVE,16,0.962208085253,0.0377919147469
486,LEAVE,0,7.8459160586e-05,0.999921540839
487,LEAVE,1,7.8459160586e-05,0.999921540839
488,LEAVE,2,0.860963764269,0.139036235731
489,LEAVE,3,0.860658758067,0.139341241933
490,LEAVE,4,0.968251833118,0.0317481668822
491,LEAVE,5,0.885818914405,0.114181085595
492,LEAVE,6,0.882694868964,0.117305131036
493,LEAVE,7,0.977573710676,0.0224262893238
494,LEAVE,8,0.998186584291,0.00181341570907
495,LEAVE,9,0.989464160467,0.0105358395329
496,LEAVE,10,0.999921540839,7.8459160586e-05
497,LEAVE,11,0.979115831676,0.0208841683238
498,LEAVE,12,0.99988589797,0.000114102030447
499,LEAVE,13,0.913349263605,0.0866507363951
500,LEAVE,14,0.965098481949,0.0349015180508
501,LEAVE,15,0.995569779087,0.00443022091317
502,LEAVE,16,0.971624550836,0.0283754491635
504,LEAVE,0,7.1977065249e-05,0.999928022935
505,LEAVE,1,7.1977065249e-05,0.999928022935
506,LEAVE,2,0.927970352273,0.0720296477266
507,LEAVE,3,0.830933628578,0.169066371422
508,LEAVE,4,0.9488215232,0.0511784768003
509,LEAVE,5,0.788741486578,0.211258513422
510,LEAVE,6,0.877781678012,0.122218321988
511,LEAVE,7,0.944125890993,0.0558741090069
512,LEAVE,8,0.937498370155,0.0625016298453
513,LEAVE,9,0.835244737168,0.164755262832
514,LEAVE,10,0.999928022935,7.1977065249e-05
515,LEAVE,11,0.927194909726,0.0728050902741
516,LEAVE,12,0.997535532538,0.00246446746205
517,LEAVE,13,0.980079002411,0.0199209975887
518,LEAVE,14,0.942289425552,0.0577105744476
519,LEAVE,15,0.996695262139,0.00330473786107
520,LEAVE,16,0.994915226446,0.00508477355381
522,LEAVE,0,0.00496702527188,0.995032974728
523,LEAVE,1,0.00496702527188,0.995032974728
524,LEAVE,2,0.380353234151,0.619646765849
525,LEAVE,3,0.850946735906,0.149053264094
526,LEAVE,4,0.0530488197545,0.946951180246
527,LEAVE,5,0.402023141708,0.597976858292
528,LEAVE,6,0.862354947674,0.137645052326
529,LEAVE,7,0.861805232719,0.138194767281
530,LEAVE,8,0.955575608707,0.0444243912929
531,LEAVE,9,0.4386858491,0.5613141509
532,LEAVE,10,0.995032974728,0.00496702527188
533,LEAVE,11,0.813359596797,0.186640403203
534,LEAVE,12,0.994358090673,0.00564190932674
535,LEAVE,13,0.851871147105,0.148128852895
536,LEAVE,14,0.291649008305,0.708350991695
537,LEAVE,15,0.993850731559,0.00614926844059
538,LEAVE,16,0.876315047336,0.123684952664
540,LEAVE,0,0.0286732489192,0.971326751081
541,LEAVE,1,0.0286732489192,0.971326751081
542,LEAVE,2,0.0670401772686,0.932959822731
543,LEAVE,3,0.635095231535,0.364904768465
544,LEAVE,4,0.481934611193,0.518065388807
545,LEAVE,5,0.481768330249,0.518231669751
546,LEAVE,6,0.789177200317,0.210822799683
547,LEAVE,7,0.960531634656,0.0394683653442
548,LEAVE,8,0.198649466011,0.801350533989
549,LEAVE,9,0.235848226553,0.764151773447
550,LEAVE,10,0.971326751081,0.0286732489192
551,LEAVE,11,0.300852284888,0.699147715112
552,LEAVE,12,0.899133323594,0.100866676406
553,LEAVE,13,0.905644767051,0.0943552329495
554,LEAVE,14,0.91873677251,0.0812632274899
555,LEAVE,15,0.963305854141,0.0366941458587
556,LEAVE,16,0.513106995972,0.486893004028
558,LEAVE,0,9.23559279259e-05,0.999907644072
559,LEAVE,1,9.23559279259e-05,0.999907644072
560,LEAVE,2,0.790836440084,0.209163559916
561,LEAVE,3,0.907904677324,0.0920953226758
562,LEAVE,4,0.953804597285,0.0461954027151
563,LEAVE,5,0.965981114841,0.0340188851594
564,LEAVE,6,0.964953881086,0.0350461189137
565,LEAVE,7,0.987474027596,0.0125259724038
566,LEAVE,8,0.955297414552,0.0447025854479
567,LEAVE,9,0.977056413253,0.0229435867474
568,LEAVE,10,0.999907644072,9.23559279259e-05
569,LEAVE,11,0.658052282085,0.341947717915
570,LEAVE,12,0.986693623524,0.0133063764761
571,LEAVE,13,0.802111687089,0.197888312911
572,LEAVE,14,0.985448310541,0.0145516894592
573,LEAVE,15,0.99690115994,0.00309884006045
574,LEAVE,16,0.985246545351,0.014753454649
576,LEAVE,0,0.00011465790946,0.999885342091
577,LEAVE,1,0.00011465790946,0.999885342091
578,LEAVE,2,0.691961129896,0.308038870104
579,LEAVE,3,0.819159010211,0.180840989789
580,LEAVE,4,0.948107714533,0.0518922854675
581,LEAVE,5,0.82652823346,0.17347176654
582,LEAVE,6,0.905004281797,0.0949957182029
583,LEAVE,7,0.956509751177,0.0434902488228
584,LEAVE,8,0.985831126447,0.0141688735528
585,LEAVE,9,0.643667080913,0.356332919087
586,LEAVE,10,0.999885342091,0.00011465790946
587,LEAVE,11,0.676445011632,0.323554988368
588,LEAVE,12,0.995900386546,0.00409961345427
589,LEAVE,13,0.717221545096,0.282778454904
590,LEAVE,14,0.966922689803,0.0330773101972
591,LEAVE,15,0.997303123332,0.00269687666846
592,LEAVE,16,0.915257500467,0.0847424995332
594,LEAVE,0,0.832876677094,0.167123322906
595,LEAVE,1,0.996477550857,0.00352244914334
596,LEAVE,2,0.925613731329,0.0743862686709
597,LEAVE,3,0.965896320709,0.0341036792906
598,LEAVE,4,0.961944688307,0.0380553116932
599,LEAVE,5,0.280025596798,0.719974403202
600,LEAVE,6,0.194376690426,0.805623309574
601,LEAVE,7,0.99685136715,0.00314863284993
602,LEAVE,8,0.998184460933,0.00181553906729
603,LEAVE,9,0.0631512251635,0.936848774836
604,LEAVE,10,0.939410282156,0.0605897178442
605,LEAVE,11,0.988942122768,0.0110578772322
606,LEAVE,12,0.998190117674,0.00180988232571
607,LEAVE,13,0.997043994652,0.00295600534771
608,LEAVE,14,0.684615927354,0.315384072646
609,LEAVE,15,0.9963033907,0.00369660929963
610,LEAVE,16,0.969310876874,0.0306891231259
612,LEAVE,0,0.78706929638,0.21293070362
613,LEAVE,1,0.955540966567,0.0444590334333
614,LEAVE,2,0.982084040111,0.0179159598885
615,LEAVE,3,0.916813171821,0.0831868281792
616,LEAVE,4,0.98094410769,0.0190558923097
617,LEAVE,5,0.000112068593081,0.999887931407
618,LEAVE,6,0.203706273616,0.796293726384
619,LEAVE,7,0.991330913056,0.00866908694429
620,LEAVE,8,0.978338883434,0.0216611165659
621,LEAVE,9,0.978017167247,0.0219828327529
622,LEAVE,10,0.985226857466,0.0147731425337
623,LEAVE,11,0.982099574392,0.0179004256085
624,LEAVE,12,0.988073566559,0.0119264334408
625,LEAVE,13,0.955969280146,0.0440307198536
626,LEAVE,14,0.838707886915,0.161292113085
627,LEAVE,15,0.9990043728,0.000995627199616
628,LEAVE,16,0.995886166647,0.00411383335342
630,LEAVE,0,0.802749368372,0.197250631628
631,LEAVE,1,0.998087906775,0.00191209322487
632,LEAVE,2,0.86039779431,0.13960220569
633,LEAVE,3,0.743173317787,0.256826682213
634,LEAVE,4,0.994962870736,0.00503712926351
635,LEAVE,5,0.00101617444218,0.998983825558
636,LEAVE,6,0.502366821626,0.497633178374
637,LEAVE,7,0.953449548231,0.0465504517691
638,LEAVE,8,0.972785322649,0.0272146773513
639,LEAVE,9,0.944093683576,0.055906316424
640,LEAVE,10,0.99392349103,0.00607650896973
641,LEAVE,11,0.760681869005,0.239318130995
642,LEAVE,12,0.997804527949,0.00219547205077
643,LEAVE,13,0.844482161284,0.155517838716
644,LEAVE,14,0.948286972701,0.0517130272991
645,LEAVE,15,0.998747894206,0.00125210579436
646,LEAVE,16,0.993040327564,0.00695967243623
648,LEAVE,0,0.749447408891,0.250552591109
649,LEAVE,1,0.999053104532,0.000946895467706
650,LEAVE,2,0.851813721234,0.148186278766
651,LEAVE,3,0.851545022471,0.148454977529
652,LEAVE,4,0.957907974158,0.0420920258417
653,LEAVE,5,2.32013577935e-05,0.999976798642
654,LEAVE,6,0.776277415146,0.223722584854
655,LEAVE,7,0.884692074967,0.115307925033
656,LEAVE,8,0.846993927128,0.153006072872
657,LEAVE,9,0.949331259702,0.050668740298
658,LEAVE,10,0.945113432666,0.0548865673339
659,LEAVE,11,0.93527568043,0.0647243195696
660,LEAVE,12,0.933394087669,0.0666059123314
661,LEAVE,13,0.943922408334,0.0560775916661
662,LEAVE,14,0.884705437334,0.115294562666
663,LEAVE,15,0.996608137849,0.00339186215116
664,LEAVE,16,0.993106907025,0.00689309297507
666,LEAVE,0,0.43281045669,0.56718954331
667,LEAVE,1,0.999753698386,0.000246301614117
668,LEAVE,2,0.981881842463,0.0181181575374
669,LEAVE,3,0.946044950475,0.0539550495255
670,LEAVE,4,0.948893666114,0.0511063338865
671,LEAVE,5,0.0002194571522,0.999780542848
672,LEAVE,6,0.875052559997,0.124947440003
673,LEAVE,7,0.977012725715,0.0229872742851
674,LEAVE,8,0.990287902883,0.00971209711651
675,LEAVE,9,0.408129263383,0.591870736617
676,LEAVE,10,0.979614976835,0.0203850231646
677,LEAVE,11,0.975175284912,0.0248247150884
678,LEAVE,12,0.99942079608,0.000579203919723
679,LEAVE,13,0.99316456749,0.00683543251022
680,LEAVE,14,0.768685712807,0.231314287193
681,LEAVE,15,0.996167629446,0.00383237055381
682,LEAVE,16,0.997147303749,0.00285269625054
684,LEAVE,0,0.998732520059,0.00126747994123
685,LEAVE,1,0.998732538742,0.00126746125843
686,LEAVE,2,0.802460542591,0.197539457409
687,LEAVE,3,0.997868981439,0.00213101856106
688,LEAVE,4,0.974448395678,0.0255516043219
689,LEAVE,5,0.00126746125843,0.998732538742
690,LEAVE,6,0.977308387878,0.0226916121219
691,LEAVE,7,0.935352152425,0.064647847575
692,LEAVE,8,0.44162228882,0.55837771118
693,LEAVE,9,0.933042213956,0.0669577860436
694,LEAVE,10,0.91898048322,0.0810195167803
695,LEAVE,11,0.0402241729,0.9597758271
696,LEAVE,12,0.909020212169,0.0909797878311
697,LEAVE,13,0.974810447528,0.0251895524719
698,LEAVE,14,0.989223312784,0.0107766872162
699,LEAVE,15,0.9987325383,0.00126746169989
700,LEAVE,16,0.997474089451,0.00252591054929
702,LEAVE,0,0.0169202007154,0.983079799285
703,LEAVE,1,0.997597230676,0.00240276932433
704,LEAVE,2,0.976890851043,0.0231091489569
705,LEAVE,3,0.616937802333,0.383062197667
706,LEAVE,4,0.785054919924,0.214945080076
707,LEAVE,5,0.00240276924878,0.997597230751
708,LEAVE,6,0.514812126698,0.485187873302
709,LEAVE,7,0.996979572761,0.00302042723948
710,LEAVE,8,0.926806675429,0.0731933245706
711,LEAVE,9,0.685339912894,0.314660087106
712,LEAVE,10,0.99759722474,0.00240277525983
713,LEAVE,11,0.976881988726,0.0231180112741
714,LEAVE,12,0.996985083008,0.00301491699174
715,LEAVE,13,0.939032832998,0.0609671670022
716,LEAVE,14,0.937192382711,0.0628076172891
717,LEAVE,15,0.839750628752,0.160249371248
718,LEAVE,16,0.939696106992,0.0603038930078
720,LEAVE,0,0.95336982941,0.0466301705901
721,LEAVE,1,0.996871547002,0.00312845299765
722,LEAVE,2,0.554091145739,0.445908854261
723,LEAVE,3,0.745957868099,0.254042131901
724,LEAVE,4,0.256462175527,0.743537824473
725,LEAVE,5,0.0031281586273,0.996871841373
726,LEAVE,6,0.482533430163,0.517466569837
727,LEAVE,7,0.889882935372,0.110117064628
728,LEAVE,8,0.926380267064,0.0736197329363
729,LEAVE,9,0.446244933643,0.553755066357
730,LEAVE,10,0.370318336113,0.629681663887
731,LEAVE,11,0.792842027767,0.207157972233
732,LEAVE,12,0.996650328698,0.00334967130214
733,LEAVE,13,0.889358675141,0.110641324859
734,LEAVE,14,0.233633065612,0.766366934388
735,LEAVE,15,0.99687159332,0.00312840668038
736,LEAVE,16,0.862227534026,0.137772465974
738,LEAVE,0,0.996009062816,0.00399093718417
739,LEAVE,1,0.722871678257,0.277128321743
740,LEAVE,2,0.775479702001,0.224520297999
741,LEAVE,3,0.000245704735069,0.999754295265
742,LEAVE,4,0.94282805551,0.0571719444896
743,LEAVE,5,0.510379191352,0.489620808648
744,LEAVE,6,0.742098561238,0.257901438762
745,LEAVE,7,0.863889704735,0.136110295265
746,LEAVE,8,0.000244585181246,0.999755414819
747,LEAVE,9,0.921257704931,0.0787422950686
748,LEAVE,10,0.914273398475,0.085726601525
749,LEAVE,11,0.762157704047,0.237842295953
750,LEAVE,12,0.899581610983,0.100418389017
751,LEAVE,13,0.911814843473,0.0881851565274
752,LEAVE,14,0.962731303796,0.037268696204
753,LEAVE,15,0.999100991683,0.000899008317219
754,LEAVE,16,0.992386020815,0.00761397918467
756,LEAVE,0,0.999891738194,0.000108261806495
757,LEAVE,1,0.999891738194,0.000108261806495
758,LEAVE,2,0.659903577873,0.340096422127
759,LEAVE,3,0.162055856792,0.837944143208
760,LEAVE,4,0.939009311619,0.0609906883807
761,LEAVE,5,0.999891736252,0.000108263747999
762,LEAVE,6,0.671471820871,0.328528179129
763,LEAVE,7,0.525195179618,0.474804820382
764,LEAVE,8,0.996821306997,0.00317869300251
765,LEAVE,9,0.890068178234,0.109931821766
766,LEAVE,10,0.976470163404,0.0235298365959
767,LEAVE,11,0.99650903297,0.0034909670302
768,LEAVE,12,0.999440504203,0.00055949579657
769,LEAVE,13,0.968065620599,0.031934379401
770,LEAVE,14,0.950547839672,0.0494521603284
771,LEAVE,15,0.994496558974,0.00550344102644
772,LEAVE,16,0.981541087573,0.0184589124273
774,LEAVE,0,0.991613317911,0.00838668208937
775,LEAVE,1,0.979527369719,0.0204726302806
776,LEAVE,2,0.896931828513,0.103068171487
777,LEAVE,3,0.511527493153,0.488472506847
778,LEAVE,4,0.901448146214,0.0985518537861
779,LEAVE,5,0.9707539848,0.0292460152001
780,LEAVE,6,0.7067402343,0.2932597657
781,LEAVE,7,0.734204953542,0.265795046458
782,LEAVE,8,0.0334343751844,0.966565624816
783,LEAVE,9,0.946252063345,0.053747936655
784,LEAVE,10,0.920568033791,0.0794319662091
785,LEAVE,11,0.934937961174,0.0650620388259
786,LEAVE,12,0.967660222313,0.0323397776869
787,LEAVE,13,0.98031430982,0.0196856901799
788,LEAVE,14,0.99690620005,0.00309379995023
789,LEAVE,15,0.998337251339,0.00166274866088
790,LEAVE,16,0.996824283883,0.00317571611702
792,LEAVE,0,0.999612880362,0.000387119637733
793,LEAVE,1,0.999612879521,0.000387120478641
794,LEAVE,2,0.000398478287871,0.999601521712
795,LEAVE,3,0.940150877732,0.059849122268
796,LEAVE,4,0.970719051835,0.0292809481651
797,LEAVE,5,0.999612701511,0.000387298488964
798,LEAVE,6,0.999611660872,0.00038833912784
799,LEAVE,7,0.998728663241,0.0012713367586
800,LEAVE,8,0.000387481027629,0.999612518972
801,LEAVE,9,0.992679176389,0.00732082361098
802,LEAVE,10,0.978873376985,0.0211266230152
803,LEAVE,11,0.999611816019,0.00038818398113
804,LEAVE,12,0.999612619214,0.000387380786428
805,LEAVE,13,0.971918554852,0.0280814451483
806,LEAVE,14,0.992988658649,0.00701134135076
807,LEAVE,15,0.999612880536,0.000387119463789
808,LEAVE,16,0.999530052009,0.000469947990777
810,LEAVE,0,0.445597941383,0.554402058617
811,LEAVE,1,0.923424539415,0.0765754605846
812,LEAVE,2,0.914663228082,0.085336771918
813,LEAVE,3,0.0011270872016,0.998872912798
814,LEAVE,4,0.949012189116,0.0509878108842
815,LEAVE,5,0.818371270181,0.181628729819
816,LEAVE,6,0.391184619902,0.608815380098
817,LEAVE,7,0.837830532649,0.162169467351
818,LEAVE,8,0.000579788529452,0.999420211471
819,LEAVE,9,0.949305042084,0.0506949579163
820,LEAVE,10,0.993336441085,0.00666355891486
821,LEAVE,11,0.978622016358,0.0213779836422
822,LEAVE,12,0.902302120568,0.0976978794323
823,LEAVE,13,0.984242588212,0.0157574117879
824,LEAVE,14,0.982171430562,0.0178285694382
825,LEAVE,15,0.999504866428,0.000495133571973
826,LEAVE,16,0.991442782958,0.00855721704217
828,LEAVE,0,0.00236504737336,0.997634952627
829,LEAVE,1,0.997634952627,0.00236504737336
830,LEAVE,2,0.959844191349,0.0401558086513
831,LEAVE,3,0.997242210455,0.00275778954519
832,LEAVE,4,0.034869596429,0.965130403571
833,LEAVE,5,0.997634952556,0.00236504744354
834,LEAVE,6,0.996020634628,0.00397936537162
835,LEAVE,7,0.983725893579,0.0162741064206
836,LEAVE,8,0.819935922044,0.180064077956
837,LEAVE,9,0.997533239448,0.0024667605525
838,LEAVE,10,0.997634952627,0.00236504737336
839,LEAVE,11,0.997634952627,0.00236504737336
840,LEAVE,12,0.991888073236,0.00811192676417
841,LEAVE,13,0.997425457751,0.00257454224901
842,LEAVE,14,0.942606942349,0.0573930576512
843,LEAVE,15,0.921347400553,0.0786525994469
844,LEAVE,16,0.993544891113,0.00645510888653
846,LEAVE,0,0.000172401946703,0.999827598053
847,LEAVE,1,0.999827598053,0.000172401946703
848,LEAVE,2,0.963554544139,0.0364454558612
849,LEAVE,3,0.094507430111,0.905492569889
850,LEAVE,4,0.984932499408,0.0150675005919
851,LEAVE,5,0.998759780126,0.00124021987412
852,LEAVE,6,0.679424551266,0.320575448734
853,LEAVE,7,0.988021832255,0.0119781677448
854,LEAVE,8,0.997992379384,0.00200762061555
855,LEAVE,9,0.978714444152,0.0212855558478
856,LEAVE,10,0.999827598053,0.000172401946703
857,LEAVE,11,0.999827598053,0.000172401946703
858,LEAVE,12,0.999168493661,0.000831506338602
859,LEAVE,13,0.910078900897,0.0899210991031
860,LEAVE,14,0.998146772166,0.0018532278337
861,LEAVE,15,0.997702851212,0.00229714878759
862,LEAVE,16,0.977010417989,0.022989582011
864,LEAVE,0,3.07079484646e-05,0.999969292052
865,LEAVE,1,0.999969292052,3.07079484646e-05
866,LEAVE,2,0.775364465459,0.224635534541
867,LEAVE,3,0.893471502651,0.106528497349
868,LEAVE,4,0.943099372547,0.0569006274534
869,LEAVE,5,0.978169848179,0.0218301518214
870,LEAVE,6,0.86989772071,0.13010227929
871,LEAVE,7,0.976715494,0.0232845059995
872,LEAVE,8,0.968681108367,0.0313188916329
873,LEAVE,9,0.858326652646,0.141673347354
874,LEAVE,10,0.999969292052,3.07079484646e-05
875,LEAVE,11,0.999969292052,3.07079484646e-05
876,LEAVE,12,0.995243631785,0.00475636821521
877,LEAVE,13,0.521712389292,0.478287610708
878,LEAVE,14,0.955792031812,0.044207968188
879,LEAVE,15,0.990355326617,0.00964467338288
880,LEAVE,16,0.963545406242,0.0364545937582
882,LEAVE,0,0.00995241735073,0.990047582649
883,LEAVE,1,0.990047582649,0.00995241735073
884,LEAVE,2,0.922689488359,0.0773105116406
885,LEAVE,3,0.881478860414,0.118521139586
886,LEAVE,4,0.786893580223,0.213106419777
887,LEAVE,5,0.989671258845,0.010328741155
888,LEAVE,6,0.777161719567,0.222838280433
889,LEAVE,7,0.765285053376,0.234714946624
890,LEAVE,8,0.703170186694,0.296829813306
891,LEAVE,9,0.984265773329,0.0157342266708
892,LEAVE,10,0.990047582649,0.00995241735073
893,LEAVE,11,0.990047582649,0.00995241735073
894,LEAVE,12,0.962589736999,0.0374102630009
895,LEAVE,13,0.894219725799,0.105780274201
896,LEAVE,14,0.511649067634,0.488350932366
897,LEAVE,15,0.988736194736,0.0112638052641
898,LEAVE,16,0.981013921985,0.0189860780146
900,LEAVE,0,0.000832127806161,0.999167872194
901,LEAVE,1,0.999167872194,0.000832127806161
902,LEAVE,2,0.96770708786,0.0322929121401
903,LEAVE,3,0.996695416996,0.00330458300409
904,LEAVE,4,0.994231935368,0.00576806463199
905,LEAVE,5,0.99263594009,0.00736405990969
906,LEAVE,6,0.756408603414,0.243591396586
907,LEAVE,7,0.897850306338,0.102149693662
908,LEAVE,8,0.23248398002,0.76751601998
909,LEAVE,9,0.997947534323,0.00205246567672
910,LEAVE,10,0.999167872194,0.000832127806161
911,LEAVE,11,0.999167872194,0.000832127806161
912,LEAVE,12,0.923817331107,0.0761826688935
913,LEAVE,13,0.796314872538,0.203685127462
914,LEAVE,14,0.997988635169,0.00201136483148
915,LEAVE,15,0.993967809687,0.00603219031333
916,LEAVE,16,0.998149232821,0.00185076717873
918,LEAVE,0,0.00139079349994,0.9986092065
919,LEAVE,1,0.9986092065,0.00139079349994
920,LEAVE,2,0.947843894714,0.0521561052864
921,LEAVE,3,0.331772415158,0.668227584842
922,LEAVE,4,0.872290758862,0.127709241138
923,LEAVE,5,0.998609199032,0.00139080096784
924,LEAVE,6,0.356705498638,0.643294501362
925,LEAVE,7,0.984589723778,0.0154102762215
926,LEAVE,8,0.958477918469,0.0415220815311
927,LEAVE,9,0.99710398075,0.00289601925048
928,LEAVE,10,0.9986092065,0.00139079349994
929,LEAVE,11,0.9986092065,0.00139079349994
930,LEAVE,12,0.99067720255,0.0093227974498
931,LEAVE,13,0.986914277924,0.0130857220756
932,LEAVE,14,0.905549375454,0.0944506245459
933,LEAVE,15,0.995124622619,0.00487537738084
934,LEAVE,16,0.997598534055,0.00240146594495
936,LEAVE,0,9.63462691591e-05,0.999903653731
937,LEAVE,1,0.999903653731,9.63462691591e-05
938,LEAVE,2,0.988923223759,0.0110767762409
939,LEAVE,3,0.769911533137,0.230088466863
940,LEAVE,4,0.940328879858,0.0596711201417
941,LEAVE,5,0.999903653561,9.63464386804e-05
942,LEAVE,6,0.610078283726,0.389921716274
943,LEAVE,7,0.723093192186,0.276906807814
944,LEAVE,8,0.936420318933,0.0635796810666
945,LEAVE,9,0.830505162601,0.169494837399
946,LEAVE,10,0.999903653731,9.63462691591e-05
947,LEAVE,11,0.999903653731,9.63462691591e-05
948,LEAVE,12,0.918003453922,0.0819965460784
949,LEAVE,13,0.993740541149,0.00625945885147
950,LEAVE,14,0.987021919481,0.0129780805192
951,LEAVE,15,0.997864361789,0.00213563821113
952,LEAVE,16,0.985455943069,0.0145440569311
954,LEAVE,0,0.00375413587909,0.996245864121
955,LEAVE,1,0.996245864121,0.00375413587909
956,LEAVE,2,0.78162141998,0.21837858002
957,LEAVE,3,0.925793216399,0.0742067836015
958,LEAVE,4,0.765673333823,0.234326666177
959,LEAVE,5,0.996162613387,0.00383738661268
960,LEAVE,6,0.65211399759,0.34788600241
961,LEAVE,7,0.926567440072,0.0734325599284
962,LEAVE,8,0.875877527912,0.124122472088
963,LEAVE,9,0.984257981365,0.0157420186345
964,LEAVE,10,0.996245864121,0.00375413587909
965,LEAVE,11,0.996245864121,0.00375413587909
966,LEAVE,12,0.956038883858,0.0439611161417
967,LEAVE,13,0.896200501367,0.103799498633
968,LEAVE,14,0.958382152589,0.0416178474113
969,LEAVE,15,0.90044310474,0.0995568952601
970,LEAVE,16,0.956318872932,0.0436811270683
972,LEAVE,0,0.0119579063261,0.988042093674
973,LEAVE,1,0.988042093674,0.0119579063261
974,LEAVE,2,0.954589245298,0.0454107547024
975,LEAVE,3,0.419492576225,0.580507423775
976,LEAVE,4,0.779438026367,0.220561973633
977,LEAVE,5,0.988038640572,0.0119613594281
978,LEAVE,6,0.557858347319,0.442141652681
979,LEAVE,7,0.978448611098,0.0215513889025
980,LEAVE,8,0.986813688922,0.0131863110784
981,LEAVE,9,0.961296745128,0.0387032548724
982,LEAVE,10,0.988042093674,0.0119579063261
983,LEAVE,11,0.988042093674,0.0119579063261
984,LEAVE,12,0.958086752393,0.0419132476071
985,LEAVE,13,0.971654845979,0.0283451540215
986,LEAVE,14,0.630852441217,0.369147558783
987,LEAVE,15,0.879850937643,0.120149062357
988,LEAVE,16,0.986527004862,0.0134729951376
990,LEAVE,0,0.000403639357455,0.999596360643
991,LEAVE,1,0.999596360643,0.000403639357455
992,LEAVE,2,0.0629973070689,0.937002692931
993,LEAVE,3,0.963376913976,0.0366230860239
994,LEAVE,4,0.99790572341,0.00209427658958
995,LEAVE,5,0.999596173018,0.00040382698231
996,LEAVE,6,0.988415792858,0.0115842071416
997,LEAVE,7,0.938840131473,0.0611598685274
998,LEAVE,8,0.978923095818,0.021076904182
999,LEAVE,9,0.991469328144,0.00853067185625
1000,LEAVE,10,0.999596360643,0.000403639357455
1001,LEAVE,11,0.999596360643,0.000403639357455
1002,LEAVE,12,0.989680264812,0.0103197351878
1003,LEAVE,13,0.980963166267,0.0190368337327
1004,LEAVE,14,0.997860242053,0.00213975794689
1005,LEAVE,15,0.996075656184,0.00392434381586
1006,LEAVE,16,0.991036617721,0.00896338227884
1008,LEAVE,0,0.156426624907,0.843573375093
1009,LEAVE,1,0.932210595232,0.0677894047681
1010,LEAVE,2,0.921925730332,0.0780742696683
1011,LEAVE,3,0.98273405288,0.0172659471203
1012,LEAVE,4,0.988879179717,0.0111208202825
1013,LEAVE,5,0.984556258865,0.0154437411354
1014,LEAVE,6,0.948444958634,0.0515550413663
1015,LEAVE,7,0.885500644566,0.114499355434
1016,LEAVE,8,0.99155034222,0.00844965777951
1017,LEAVE,9,0.914333323073,0.0856666769272
1018,LEAVE,10,0.000327693626999,0.999672306373
1019,LEAVE,11,0.89396928103,0.10603071897
1020,LEAVE,12,0.998902827924,0.00109717207565
1021,LEAVE,13,0.917746682497,0.0822533175028
1022,LEAVE,14,0.991604220247,0.00839577975321
1023,LEAVE,15,0.995330487576,0.00466951242449
1024,LEAVE,16,0.869905085098,0.130094914902
1026,LEAVE,0,0.289329019636,0.710670980364
1027,LEAVE,1,0.929957130688,0.0700428693122
1028,LEAVE,2,0.80852304229,0.19147695771
1029,LEAVE,3,0.827325240567,0.172674759433
1030,LEAVE,4,0.926878144433,0.0731218555672
1031,LEAVE,5,0.985287806542,0.0147121934583
1032,LEAVE,6,0.994014256645,0.00598574335487
1033,LEAVE,7,0.963577616089,0.0364223839113
1034,LEAVE,8,0.998550663686,0.00144933631398
1035,LEAVE,9,0.92268232406,0.0773176759396
1036,LEAVE,10,9.80552605399e-05,0.999901944739
1037,LEAVE,11,0.912033361245,0.0879666387548
1038,LEAVE,12,0.999035145331,0.000964854668542
1039,LEAVE,13,0.81953099184,0.18046900816
1040,LEAVE,14,0.93117592808,0.0688240719202
1041,LEAVE,15,0.997926121807,0.00207387819253
1042,LEAVE,16,0.938582939177,0.0614170608231
1044,LEAVE,0,0.0523739594358,0.947626040564
1045,LEAVE,1,0.55800822837,0.44199177163
1046,LEAVE,2,0.670180884923,0.329819115077
1047,LEAVE,3,0.504116480624,0.495883519376
1048,LEAVE,4,0.826617025608,0.173382974392
1049,LEAVE,5,0.635796034354,0.364203965646
1050,LEAVE,6,0.637186823814,0.362813176186
1051,LEAVE,7,0.777075038508,0.222924961492
1052,LEAVE,8,0.566502246807,0.433497753193
1053,LEAVE,9,0.841994347445,0.158005652555
1054,LEAVE,10,0.00202214790612,0.997977852094
1055,LEAVE,11,0.613102620267,0.386897379733
1056,LEAVE,12,0.739818500351,0.260181499649
1057,LEAVE,13,0.452990571651,0.547009428349
1058,LEAVE,14,0.968414200645,0.0315857993546
1059,LEAVE,15,0.969139162617,0.0308608373832
1060,LEAVE,16,0.843940551699,0.156059448301
1062,LEAVE,0,0.00193443016826,0.998065569832
1063,LEAVE,1,0.0070801194455,0.992919880555
1064,LEAVE,2,0.0495388060572,0.950461193943
1065,LEAVE,3,0.450139319892,0.549860680108
1066,LEAVE,4,0.0539165364558,0.946083463544
1067,LEAVE,5,0.00910445531385,0.990895544686
1068,LEAVE,6,0.0427653567516,0.957234643248
1069,LEAVE,7,0.0764354373065,0.923564562694
1070,LEAVE,8,0.840106339635,0.159893660365
1071,LEAVE,9,0.0242796916252,0.975720308375
1072,LEAVE,10,0.0019344301669,0.998065569833
1073,LEAVE,11,0.0342008944039,0.965799105596
1074,LEAVE,12,0.881041091449,0.118958908551
1075,LEAVE,13,0.0553451821246,0.944654817875
1076,LEAVE,14,0.0984094461276,0.901590553872
1077,LEAVE,15,0.829954725558,0.170045274442
1078,LEAVE,16,0.770330488762,0.229669511238
1080,LEAVE,0,0.00122045496371,0.998779545036
1081,LEAVE,1,0.546062093103,0.453937906897
1082,LEAVE,2,0.934216874093,0.0657831259074
1083,LEAVE,3,0.788999028009,0.211000971991
1084,LEAVE,4,0.928489959966,0.0715100400342
1085,LEAVE,5,0.774116159562,0.225883840438
1086,LEAVE,6,0.857569686655,0.142430313345
1087,LEAVE,7,0.981592974197,0.018407025803
1088,LEAVE,8,0.953789299767,0.0462107002335
1089,LEAVE,9,0.893069819286,0.106930180714
1090,LEAVE,10,8.14800245839e-05,0.999918519975
1091,LEAVE,11,0.772223408988,0.227776591012
1092,LEAVE,12,0.995694153438,0.00430584656183
1093,LEAVE,13,0.848408583265,0.151591416735
1094,LEAVE,14,0.95981801271,0.0401819872898
1095,LEAVE,15,0.997807073042,0.00219292695758
1096,LEAVE,16,0.916739420988,0.083260579012
1098,LEAVE,0,0.00605371153822,0.993946288462
1099,LEAVE,1,0.191614713473,0.808385286527
1100,LEAVE,2,0.451224672877,0.548775327123
1101,LEAVE,3,0.523425225354,0.476574774646
1102,LEAVE,4,0.753229422975,0.246770577025
1103,LEAVE,5,0.589392764639,0.410607235361
1104,LEAVE,6,0.706733246573,0.293266753427
1105,LEAVE,7,0.941618842001,0.0583811579994
1106,LEAVE,8,0.932940829484,0.0670591705159
1107,LEAVE,9,0.602510579518,0.397489420482
1108,LEAVE,10,0.000208089710389,0.99979191029
1109,LEAVE,11,0.534246827251,0.465753172749
1110,LEAVE,12,0.997335408813,0.00266459118704
1111,LEAVE,13,0.687409601999,0.312590398001
1112,LEAVE,14,0.884376684401,0.115623315599
1113,LEAVE,15,0.989279092522,0.0107209074781
1114,LEAVE,16,0.809828506346,0.190171493654
##EDGES##
0,1,0.0013891959478
0,53,0.0364758442433
0,71,0.000363158624913
0,89,0.00713284595366
0,107,0.00128870671222
0,125,0.00115041552754
0,143,0.000544342208768
0,161,0.041842698486
0,179,0.00531005588468
0,197,0.00121801514953
0,215,0.00302514596873
0,233,0.00309171827968
0,251,0.0048046218765
0,269,0.00240858354784
0,287,0.0410193159339
0,305,0.0144154071686
0,323,0.0128989885314
0,341,0.0292671418405
0,359,0.0116151115614
0,377,0.00976858550841
0,395,0.0339268229215
0,413,0.0119673264687
0,431,0.00301761205618
0,449,0.020083338311
0,467,0.0177839113104
0,485,0.0385966558633
0,503,0.0420731308661
0,521,0.000603711215314
0,539,9.9571871415e-05
0,557,0.0327881177654
0,575,0.0264093594744
0,593,0.00166738918422
0,611,0.0345487392105
0,629,0.00297446698229
0,647,0.13054614677
0,665,0.0137985539715
0,683,0.00238354403793
0,701,0.00125445780977
0,719,0.000962156653335
0,737,0.0123773245671
0,755,0.0279703190327
0,773,0.0427808267846
0,791,0.00781781428392
0,809,0.00611377705609
0,827,0.00127456577832
0,845,0.0175618105622
0,863,0.0986242581164
0,881,0.000298264037863
0,899,0.00363368948499
0,917,0.00217164515024
0,935,0.0314298733092
0,953,0.000800715312936
0,971,0.000247225552452
0,989,0.00749750875168
0,1007,0.0092366465613
0,1025,0.0308823947059
0,1043,0.00149174348797
0,1061,0.0015596620529
0,1079,0.037165939502
0,1097,0.0145490842103
1,2
1,5
1,8
1,11
1,14
1,17
1,20
1,23
1,26
1,29
1,32
1,35
1,38
1,41
1,44
1,47
1,50
53,54
53,55
53,56
53,57
53,58
53,59
53,60
53,61
53,62
53,63
53,64
53,65
53,66
53,67
53,68
53,69
53,70
71,72
71,73
71,74
71,75
71,76
71,77
71,78
71,79
71,80
71,81
71,82
71,83
71,84
71,85
71,86
71,87
71,88
89,90
89,91
89,92
89,93
89,94
89,95
89,96
89,97
89,98
89,99
89,100
89,101
89,102
89,103
89,104
89,105
89,106
107,108
107,109
107,110
107,111
107,112
107,113
107,114
107,115
107,116
107,117
107,118
107,119
107,120
107,121
107,122
107,123
107,124
125,126
125,127
125,128
125,129
125,130
125,131
125,132
125,133
125,134
125,135
125,136
125,137
125,138
125,139
125,140
125,141
125,142
143,144
143,145
143,146
143,147
143,148
143,149
143,150
143,151
143,152
143,153
143,154
143,155
143,156
143,157
143,158
143,159
143,160
161,162
161,163
161,164
161,165
161,166
161,167
161,168
161,169
161,170
161,171
161,172
161,173
161,174
161,175
161,176
161,177
161,178
179,180
179,181
179,182
179,183
179,184
179,185
179,186
179,187
179,188
179,189
179,190
179,191
179,192
179,193
179,194
179,195
179,196
197,198
197,199
197,200
197,201
197,202
197,203
197,204
197,205
197,206
197,207
197,208
197,209
197,210
197,211
197,212
197,213
197,214
215,216
215,217
215,218
215,219
215,220
215,221
215,222
215,223
215,224
215,225
215,226
215,227
215,228
215,229
215,230
215,231
215,232
233,234
233,235
233,236
233,237
233,238
233,239
233,240
233,241
233,242
233,243
233,244
233,245
233,246
233,247
233,248
233,249
233,250
251,252
251,253
251,254
251,255
251,256
251,257
251,258
251,259
251,260
251,261
251,262
251,263
251,264
251,265
251,266
251,267
251,268
269,270
269,271
269,272
269,273
269,274
269,275
269,276
269,277
269,278
269,279
269,280
269,281
269,282
269,283
269,284
269,285
269,286
287,288
287,289
287,290
287,291
287,292
287,293
287,294
287,295
287,296
287,297
287,298
287,299
287,300
287,301
287,302
287,303
287,304
305,306
305,307
305,308
305,309
305,310
305,311
305,312
305,313
305,314
305,315
305,316
305,317
305,318
305,319
305,320
305,321
305,322
323,324
323,325
323,326
323,327
323,328
323,329
323,330
323,331
323,332
323,333
323,334
323,335
323,336
323,337
323,338
323,339
323,340
341,342
341,343
341,344
341,345
341,346
341,347
341,348
341,349
341,350
341,351
341,352
341,353
341,354
341,355
341,356
341,357
341,358
359,360
359,361
359,362
359,363
359,364
359,365
359,366
359,367
359,368
359,369
359,370
359,371
359,372
359,373
359,374
359,375
359,376
377,378
377,379
377,380
377,381
377,382
377,383
377,384
377,385
377,386
377,387
377,388
377,389
377,390
377,391
377,392
377,393
377,394
395,396
395,397
395,398
395,399
395,400
395,401
395,402
395,403
395,404
395,405
395,406
395,407
395,408
395,409
395,410
395,411
395,412
413,414
413,415
413,416
413,417
413,418
413,419
413,420
413,421
413,422
413,423
413,424
413,425
413,426
413,427
413,428
413,429
413,430
431,432
431,433
431,434
431,435
431,436
431,437
431,438
431,439
431,440
431,441
431,442
431,443
431,444
431,445
431,446
431,447
431,448
449,450
449,451
449,452
449,453
449,454
449,455
449,456
449,457
449,458
449,459
449,460
449,461
449,462
449,463
449,464
449,465
449,466
467,468
467,469
467,470
467,471
467,472
467,473
467,474
467,475
467,476
467,477
467,478
467,479
467,480
467,481
467,482
467,483
467,484
485,486
485,487
485,488
485,489
485,490
485,491
485,492
485,493
485,494
485,495
485,496
485,497
485,498
485,499
485,500
485,501
485,502
503,504
503,505
503,506
503,507
503,508
503,509
503,510
503,511
503,512
503,513
503,514
503,515
503,516
503,517
503,518
503,519
503,520
521,522
521,523
521,524
521,525
521,526
521,527
521,528
521,529
521,530
521,531
521,532
521,533
521,534
521,535
521,536
521,537
521,538
539,540
539,541
539,542
539,543
539,544
539,545
539,546
539,547
539,548
539,549
539,550
539,551
539,552
539,553
539,554
539,555
539,556
557,558
557,559
557,560
557,561
557,562
557,563
557,564
557,565
557,566
557,567
557,568
557,569
557,570
557,571
557,572
557,573
557,574
575,576
575,577
575,578
575,579
575,580
575,581
575,582
575,583
575,584
575,585
575,586
575,587
575,588
575,589
575,590
575,591
575,592
593,594
593,595
593,596
593,597
593,598
593,599
593,600
593,601
593,602
593,603
593,604
593,605
593,606
593,607
593,608
593,609
593,610
611,612
611,613
611,614
611,615
611,616
611,617
611,618
611,619
611,620
611,621
611,622
611,623
611,624
611,625
611,626
611,627
611,628
629,630
629,631
629,632
629,633
629,634
629,635
629,636
629,637
629,638
629,639
629,640
629,641
629,642
629,643
629,644
629,645
629,646
647,648
647,649
647,650
647,651
647,652
647,653
647,654
647,655
647,656
647,657
647,658
647,659
647,660
647,661
647,662
647,663
647,664
665,666
665,667
665,668
665,669
665,670
665,671
665,672
665,673
665,674
665,675
665,676
665,677
665,678
665,679
665,680
665,681
665,682
683,684
683,685
683,686
683,687
683,688
683,689
683,690
683,691
683,692
683,693
683,694
683,695
683,696
683,697
683,698
683,699
683,700
701,702
701,703
701,704
701,705
701,706
701,707
701,708
701,709
701,710
701,711
701,712
701,713
701,714
701,715
701,716
701,717
701,718
719,720
719,721
719,722
719,723
719,724
719,725
719,726
719,727
719,728
719,729
719,730
719,731
719,732
719,733
719,734
719,735
719,736
737,738
737,739
737,740
737,741
737,742
737,743
737,744
737,745
737,746
737,747
737,748
737,749
737,750
737,751
737,752
737,753
737,754
755,756
755,757
755,758
755,759
755,760
755,761
755,762
755,763
755,764
755,765
755,766
755,767
755,768
755,769
755,770
755,771
755,772
773,774
773,775
773,776
773,777
773,778
773,779
773,780
773,781
773,782
773,783
773,784
773,785
773,786
773,787
773,788
773,789
773,790
791,792
791,793
791,794
791,795
791,796
791,797
791,798
791,799
791,800
791,801
791,802
791,803
791,804
791,805
791,806
791,807
791,808
809,810
809,811
809,812
809,813
809,814
809,815
809,816
809,817
809,818
809,819
809,820
809,821
809,822
809,823
809,824
809,825
809,826
827,828
827,829
827,830
827,831
827,832
827,833
827,834
827,835
827,836
827,837
827,838
827,839
827,840
827,841
827,842
827,843
827,844
845,846
845,847
845,848
845,849
845,850
845,851
845,852
845,853
845,854
845,855
845,856
845,857
845,858
845,859
845,860
845,861
845,862
863,864
863,865
863,866
863,867
863,868
863,869
863,870
863,871
863,872
863,873
863,874
863,875
863,876
863,877
863,878
863,879
863,880
881,882
881,883
881,884
881,885
881,886
881,887
881,888
881,889
881,890
881,891
881,892
881,893
881,894
881,895
881,896
881,897
881,898
899,900
899,901
899,902
899,903
899,904
899,905
899,906
899,907
899,908
899,909
899,910
899,911
899,912
899,913
899,914
899,915
899,916
917,918
917,919
917,920
917,921
917,922
917,923
917,924
917,925
917,926
917,927
917,928
917,929
917,930
917,931
917,932
917,933
917,934
935,936
935,937
935,938
935,939
935,940
935,941
935,942
935,943
935,944
935,945
935,946
935,947
935,948
935,949
935,950
935,951
935,952
953,954
953,955
953,956
953,957
953,958
953,959
953,960
953,961
953,962
953,963
953,964
953,965
953,966
953,967
953,968
953,969
953,970
971,972
971,973
971,974
971,975
971,976
971,977
971,978
971,979
971,980
971,981
971,982
971,983
971,984
971,985
971,986
971,987
971,988
989,990
989,991
989,992
989,993
989,994
989,995
989,996
989,997
989,998
989,999
989,1000
989,1001
989,1002
989,1003
989,1004
989,1005
989,1006
1007,1008
1007,1009
1007,1010
1007,1011
1007,1012
1007,1013
1007,1014
1007,1015
1007,1016
1007,1017
1007,1018
1007,1019
1007,1020
1007,1021
1007,1022
1007,1023
1007,1024
1025,1026
1025,1027
1025,1028
1025,1029
1025,1030
1025,1031
1025,1032
1025,1033
1025,1034
1025,1035
1025,1036
1025,1037
1025,1038
1025,1039
1025,1040
1025,1041
1025,1042
1043,1044
1043,1045
1043,1046
1043,1047
1043,1048
1043,1049
1043,1050
1043,1051
1043,1052
1043,1053
1043,1054
1043,1055
1043,1056
1043,1057
1043,1058
1043,1059
1043,1060
1061,1062
1061,1063
1061,1064
1061,1065
1061,1066
1061,1067
1061,1068
1061,1069
1061,1070
1061,1071
1061,1072
1061,1073
1061,1074
1061,1075
1061,1076
1061,1077
1061,1078
1079,1080
1079,1081
1079,1082
1079,1083
1079,1084
1079,1085
1079,1086
1079,1087
1079,1088
1079,1089
1079,1090
1079,1091
1079,1092
1079,1093
1079,1094
1079,1095
1079,1096
1097,1098
1097,1099
1097,1100
1097,1101
1097,1102
1097,1103
1097,1104
1097,1105
1097,1106
1097,1107
1097,1108
1097,1109
1097,1110
1097,1111
1097,1112
1097,1113
1097,1114
