##NODES##
1465,SUM
1464,PRD
1463,PRD
1462,PRD
1461,PRD
1460,PRD
1459,PRD
1458,PRD
1457,PRD
1456,PRD
1455,PRD
1454,PRD
1453,PRD
1452,PRD
1451,PRD
1450,PRD
1449,PRD
1,LEAVE,15,0.9944683467,0.0055316533
1427,SUM
23,LEAVE,9,0.0049170252,0.9950829748
85,LEAVE,0,0.9293177628,0.0706822372
162,LEAVE,1,0.9188690842,0.0811309158
291,LEAVE,4,0.0184388445,0.9815611555
292,LEAVE,12,0.9692685925,0.0307314075
2,LEAVE,10,0.9995155039,0.0004844961
12,LEAVE,0,0.9949127907,0.0050872093
24,LEAVE,15,0.9995155039,0.0004844961
86,LEAVE,12,0.9929748062,0.0070251938
163,LEAVE,14,0.9995155039,0.0004844961
293,LEAVE,4,0.9888565891,0.0111434109
380,LEAVE,8,0.9995155039,0.0004844961
962,SUM
545,LEAVE,5,0.9995155039,0.0004844961
629,LEAVE,13,0.9961240310,0.0038759690
690,LEAVE,7,0.9995155039,0.0004844961
745,LEAVE,2,0.9929748062,0.0070251938
746,LEAVE,6,0.9995155039,0.0004844961
3,LEAVE,9,0.0041293875,0.9958706125
13,LEAVE,6,0.0158293187,0.9841706813
1365,SUM
87,LEAVE,4,0.0055058500,0.9944941500
169,LEAVE,10,0.1190640055,0.8809359945
300,LEAVE,7,0.0123881624,0.9876118376
389,LEAVE,5,0.0082587749,0.9917412251
390,LEAVE,8,0.0440467997,0.9559532003
1445,SUM
14,LEAVE,0,0.9400630915,0.0599369085
1357,SUM
94,LEAVE,12,0.9881703470,0.0118296530
184,LEAVE,14,0.9984227129,0.0015772871
307,LEAVE,13,0.9984227129,0.0015772871
397,LEAVE,10,0.9731861199,0.0268138801
478,LEAVE,4,0.9984227129,0.0015772871
479,LEAVE,15,0.9850157729,0.0149842271
1443,SUM
15,LEAVE,7,0.9321845470,0.0678154530
37,LEAVE,1,0.9710950528,0.0289049472
101,LEAVE,13,0.0011117287,0.9988882713
191,LEAVE,8,0.9905503057,0.0094496943
314,LEAVE,15,0.9977765425,0.0022234575
408,LEAVE,4,0.0011117287,0.9988882713
488,LEAVE,0,0.9988882713,0.0011117287
566,LEAVE,12,0.9677598666,0.0322401334
637,LEAVE,2,0.9783212896,0.0216787104
638,LEAVE,6,0.9988882713,0.0011117287
1441,SUM
16,LEAVE,10,0.1106442577,0.8893557423
54,LEAVE,12,0.1890756303,0.8109243697
108,LEAVE,11,0.0098039216,0.9901960784
198,LEAVE,8,0.9383753501,0.0616246499
321,LEAVE,13,0.0308123249,0.9691876751
322,LEAVE,14,0.1372549020,0.8627450980
4,LEAVE,5,0.8861131521,0.1138868479
1401,SUM
1338,SUM
112,LEAVE,3,0.7310800882,0.2689199118
224,LEAVE,6,0.9963262307,0.0036737693
327,LEAVE,7,0.9823659074,0.0176340926
419,LEAVE,15,0.9963262307,0.0036737693
503,LEAVE,0,0.9808963997,0.0191036003
573,LEAVE,1,0.9559147686,0.0440852314
574,LEAVE,8,0.9985304923,0.0014695077
5,LEAVE,5,0.0424448217,0.9575551783
17,LEAVE,3,0.1680814941,0.8319185059
55,LEAVE,9,0.0033955857,0.9966044143
113,LEAVE,2,0.1901528014,0.8098471986
225,LEAVE,7,0.0339558574,0.9660441426
1072,SUM
420,LEAVE,11,0.2461799660,0.7538200340
510,LEAVE,6,0.0645161290,0.9354838710
581,LEAVE,10,0.7707979626,0.2292020374
657,LEAVE,15,0.9202037351,0.0797962649
709,LEAVE,8,0.3429541596,0.6570458404
755,LEAVE,1,0.0033955857,0.9966044143
756,LEAVE,0,0.4719864177,0.5280135823
6,LEAVE,9,0.0024154589,0.9975845411
1398,SUM
56,LEAVE,8,0.0024154589,0.9975845411
121,LEAVE,14,0.1594202899,0.8405797101
234,LEAVE,11,0.0495169082,0.9504830918
342,LEAVE,7,0.0277777778,0.9722222222
429,LEAVE,6,0.1702898551,0.8297101449
519,LEAVE,2,0.9975845411,0.0024154589
520,LEAVE,0,0.9589371981,0.0410628019
1436,SUM
1392,SUM
1317,SUM
131,LEAVE,3,0.1210986267,0.8789013733
252,LEAVE,2,0.0062421973,0.9937578027
352,LEAVE,15,0.9737827715,0.0262172285
439,LEAVE,5,0.0499375780,0.9500624220
440,LEAVE,10,0.9975031211,0.0024968789
1434,SUM
1383,SUM
72,LEAVE,8,0.9907407407,0.0092592593
147,LEAVE,2,0.8571428571,0.1428571429
267,LEAVE,11,0.0026455026,0.9973544974
353,LEAVE,6,0.9457671958,0.0542328042
441,LEAVE,9,0.3042328042,0.6957671958
530,LEAVE,7,0.9973544974,0.0026455026
609,LEAVE,10,0.8214285714,0.1785714286
672,LEAVE,12,0.8796296296,0.1203703704
710,LEAVE,0,0.9537037037,0.0462962963
711,LEAVE,15,0.9748677249,0.0251322751
7,LEAVE,6,0.0730769231,0.9269230769
18,LEAVE,10,0.1153846154,0.8846153846
73,LEAVE,7,0.0346153846,0.9653846154
148,LEAVE,8,0.0615384615,0.9384615385
268,LEAVE,0,0.2884615385,0.7115384615
354,LEAVE,9,0.0076923077,0.9923076923
442,LEAVE,5,0.1038461538,0.8961538462
531,LEAVE,14,0.0076923077,0.9923076923
610,LEAVE,3,0.8192307692,0.1807692308
673,LEAVE,13,0.0615384615,0.9384615385
712,LEAVE,4,0.5000000000,0.5000000000
757,LEAVE,1,0.1769230769,0.8230769231
761,LEAVE,2,0.2230769231,0.7769230769
766,LEAVE,15,0.2500000000,0.7500000000
780,LEAVE,12,0.0500000000,0.9500000000
781,LEAVE,11,0.0076923077,0.9923076923
8,LEAVE,13,0.6843657817,0.3156342183
19,LEAVE,2,0.9911504425,0.0088495575
74,LEAVE,11,0.7522123894,0.2477876106
149,LEAVE,9,0.0058997050,0.9941002950
269,LEAVE,14,0.8141592920,0.1858407080
355,LEAVE,8,0.8230088496,0.1769911504
443,LEAVE,5,0.8643067847,0.1356932153
532,LEAVE,3,0.7374631268,0.2625368732
611,LEAVE,15,0.9705014749,0.0294985251
674,LEAVE,6,0.9941002950,0.0058997050
713,LEAVE,0,0.9144542773,0.0855457227
805,SUM
762,LEAVE,10,0.8967551622,0.1032448378
775,LEAVE,4,0.5073746313,0.4926253687
776,LEAVE,1,0.9262536873,0.0737463127
9,LEAVE,10,0.9761904762,0.0238095238
20,LEAVE,3,0.7777777778,0.2222222222
75,LEAVE,9,0.6428571429,0.3571428571
150,LEAVE,0,0.0634920635,0.9365079365
270,LEAVE,6,0.9523809524,0.0476190476
356,LEAVE,11,0.9841269841,0.0158730159
444,LEAVE,5,0.9841269841,0.0158730159
533,LEAVE,4,0.7857142857,0.2142857143
612,LEAVE,14,0.9365079365,0.0634920635
675,LEAVE,12,0.9761904762,0.0238095238
714,LEAVE,2,0.7619047619,0.2380952381
758,LEAVE,1,0.7619047619,0.2380952381
763,LEAVE,8,0.9841269841,0.0158730159
777,LEAVE,15,0.9841269841,0.0158730159
782,LEAVE,13,0.8809523810,0.1190476190
783,LEAVE,7,0.9603174603,0.0396825397
10,LEAVE,10,0.9090909091,0.0909090909
21,LEAVE,12,0.9715909091,0.0284090909
76,LEAVE,15,0.9829545455,0.0170454545
151,LEAVE,6,0.4090909091,0.5909090909
271,LEAVE,9,0.0568181818,0.9431818182
357,LEAVE,8,0.5170454545,0.4829545455
445,LEAVE,13,0.7840909091,0.2159090909
534,LEAVE,14,0.9886363636,0.0113636364
613,LEAVE,11,0.9886363636,0.0113636364
676,LEAVE,5,0.0965909091,0.9034090909
715,LEAVE,4,0.2443181818,0.7556818182
759,LEAVE,0,0.8636363636,0.1363636364
764,LEAVE,1,0.7386363636,0.2613636364
778,LEAVE,7,0.2272727273,0.7727272727
784,LEAVE,2,0.9886363636,0.0113636364
785,LEAVE,3,0.2670454545,0.7329545455
11,LEAVE,4,0.7500000000,0.2500000000
22,LEAVE,6,0.9000000000,0.1000000000
77,LEAVE,5,0.8500000000,0.1500000000
152,LEAVE,15,0.5000000000,0.5000000000
272,LEAVE,12,0.4500000000,0.5500000000
358,LEAVE,9,0.6000000000,0.4000000000
446,LEAVE,14,0.1000000000,0.9000000000
535,LEAVE,2,0.7500000000,0.2500000000
614,LEAVE,0,0.8500000000,0.1500000000
677,LEAVE,10,0.2000000000,0.8000000000
716,LEAVE,8,0.9000000000,0.1000000000
760,LEAVE,11,0.2500000000,0.7500000000
765,LEAVE,7,0.9000000000,0.1000000000
779,LEAVE,3,0.8500000000,0.1500000000
786,LEAVE,1,0.7500000000,0.2500000000
787,LEAVE,13,0.2500000000,0.7500000000
1376,PRD
1375,PRD
1374,PRD
1373,PRD
1372,PRD
1371,PRD
1370,PRD
1369,PRD
1368,PRD
900,PRD
899,PRD
898,PRD
897,PRD
1285,PRD
1284,PRD
1283,PRD
1282,PRD
1281,PRD
1280,PRD
1423,PRD
1422,PRD
1421,PRD
1420,PRD
1419,PRD
1418,PRD
1272,PRD
1271,PRD
1270,PRD
1269,PRD
1416,PRD
1415,PRD
1414,PRD
1413,PRD
1412,PRD
1411,PRD
1409,PRD
1408,PRD
1407,PRD
1406,PRD
1405,PRD
1404,PRD
1403,PRD
1341,PRD
1340,PRD
1339,PRD
1250,PRD
1249,PRD
1248,PRD
1247,PRD
1246,PRD
1245,PRD
1244,PRD
1002,PRD
1001,PRD
1000,PRD
999,PRD
998,PRD
997,PRD
1335,PRD
1334,PRD
1333,PRD
1332,PRD
1331,PRD
1330,PRD
1329,PRD
1328,PRD
1396,PRD
1395,PRD
1394,PRD
1393,PRD
1326,PRD
1325,PRD
1324,PRD
1323,PRD
1322,PRD
1321,PRD
1320,PRD
1319,PRD
1318,PRD
1222,PRD
1221,PRD
1220,PRD
1219,PRD
1390,PRD
1389,PRD
1388,PRD
1387,PRD
1386,PRD
1385,PRD
1384,PRD
1308,PRD
1307,PRD
1306,PRD
1305,PRD
799,PRD
798,PRD
797,PRD
796,PRD
78,LEAVE,11,0.5964010283,0.4035989717
153,LEAVE,2,0.9948586118,0.0051413882
273,LEAVE,5,0.0051413882,0.9948586118
359,LEAVE,3,0.0051413882,0.9948586118
447,LEAVE,14,0.9460154242,0.0539845758
536,LEAVE,8,0.9948586118,0.0051413882
615,LEAVE,7,0.6323907455,0.3676092545
678,LEAVE,10,0.9460154242,0.0539845758
717,LEAVE,13,0.9948586118,0.0051413882
718,LEAVE,6,0.9948586118,0.0051413882
79,LEAVE,8,0.9957716702,0.0042283298
154,LEAVE,11,0.3446088795,0.6553911205
274,LEAVE,3,0.1057082452,0.8942917548
360,LEAVE,6,0.7780126850,0.2219873150
448,LEAVE,13,0.0042283298,0.9957716702
537,LEAVE,2,0.9957716702,0.0042283298
616,LEAVE,10,0.6976744186,0.3023255814
679,LEAVE,7,0.0042283298,0.9957716702
719,LEAVE,5,0.0042283298,0.9957716702
720,LEAVE,14,0.5095137421,0.4904862579
80,LEAVE,11,0.2960893855,0.7039106145
155,LEAVE,3,0.1117318436,0.8882681564
275,LEAVE,7,0.0111731844,0.9888268156
361,LEAVE,13,0.0111731844,0.9888268156
449,LEAVE,2,0.0111731844,0.9888268156
538,LEAVE,10,0.6592178771,0.3407821229
860,SUM
680,LEAVE,14,0.4692737430,0.5307262570
681,LEAVE,5,0.0558659218,0.9441340782
1295,SUM
156,LEAVE,14,0.8280000000,0.1720000000
279,LEAVE,7,0.0080000000,0.9920000000
368,LEAVE,5,0.1200000000,0.8800000000
450,LEAVE,6,0.5120000000,0.4880000000
539,LEAVE,2,0.9920000000,0.0080000000
617,LEAVE,3,0.1920000000,0.8080000000
618,LEAVE,10,0.7760000000,0.2240000000
1293,SUM
157,LEAVE,13,0.0256410256,0.9743589744
286,LEAVE,8,0.8888888889,0.1111111111
375,LEAVE,3,0.0598290598,0.9401709402
451,LEAVE,6,0.7094017094,0.2905982906
540,LEAVE,11,0.4017094017,0.5982905983
619,LEAVE,7,0.9829059829,0.0170940171
620,LEAVE,5,0.0170940171,0.9829059829
81,LEAVE,7,0.9827586207,0.0172413793
158,LEAVE,3,0.0862068966,0.9137931034
287,LEAVE,2,0.9827586207,0.0172413793
376,LEAVE,8,0.8017241379,0.1982758621
452,LEAVE,5,0.0517241379,0.9482758621
541,LEAVE,6,0.6034482759,0.3965517241
621,LEAVE,14,0.9827586207,0.0172413793
682,LEAVE,10,0.4913793103,0.5086206897
729,LEAVE,13,0.4741379310,0.5258620690
730,LEAVE,11,0.0172413793,0.9827586207
82,LEAVE,11,0.3055555556,0.6944444444
159,LEAVE,7,0.4444444444,0.5555555556
288,LEAVE,10,0.8611111111,0.1388888889
377,LEAVE,13,0.3333333333,0.6666666667
453,LEAVE,3,0.3333333333,0.6666666667
542,LEAVE,8,0.9444444444,0.0555555556
622,LEAVE,6,0.1944444444,0.8055555556
683,LEAVE,14,0.4722222222,0.5277777778
731,LEAVE,5,0.9444444444,0.0555555556
732,LEAVE,2,0.9166666667,0.0833333333
83,LEAVE,14,0.6595744681,0.3404255319
160,LEAVE,6,0.5957446809,0.4042553191
289,LEAVE,5,0.0851063830,0.9148936170
378,LEAVE,13,0.9574468085,0.0425531915
454,LEAVE,2,0.0425531915,0.9574468085
543,LEAVE,10,0.1914893617,0.8085106383
623,LEAVE,8,0.7872340426,0.2127659574
684,LEAVE,7,0.3404255319,0.6595744681
733,LEAVE,11,0.2340425532,0.7659574468
734,LEAVE,3,0.0851063830,0.9148936170
84,LEAVE,7,0.9615384615,0.0384615385
161,LEAVE,2,0.9615384615,0.0384615385
290,LEAVE,10,0.9230769231,0.0769230769
379,LEAVE,6,0.3461538462,0.6538461538
455,LEAVE,3,0.2115384615,0.7884615385
544,LEAVE,8,0.7115384615,0.2884615385
624,LEAVE,13,0.4423076923,0.5576923077
685,LEAVE,5,0.0384615385,0.9615384615
735,LEAVE,14,0.8846153846,0.1153846154
736,LEAVE,11,0.9615384615,0.0384615385
625,LEAVE,3,0.9975728155,0.0024271845
686,LEAVE,11,0.9975728155,0.0024271845
737,LEAVE,9,0.0024271845,0.9975728155
738,LEAVE,1,0.9975728155,0.0024271845
626,LEAVE,9,0.9993573265,0.0006426735
687,LEAVE,1,0.9993573265,0.0006426735
739,LEAVE,3,0.9993573265,0.0006426735
740,LEAVE,11,0.9611182519,0.0388817481
627,LEAVE,9,0.9865771812,0.0134228188
688,LEAVE,11,0.9865771812,0.0134228188
741,LEAVE,3,0.0134228188,0.9865771812
742,LEAVE,1,0.9865771812,0.0134228188
628,LEAVE,11,0.9636363636,0.0363636364
689,LEAVE,9,0.9636363636,0.0363636364
743,LEAVE,3,0.9636363636,0.0363636364
744,LEAVE,1,0.0363636364,0.9636363636
1186,SUM
294,LEAVE,12,0.0020855057,0.9979144943
384,LEAVE,11,0.0020855057,0.9979144943
462,LEAVE,2,0.0020855057,0.9979144943
546,LEAVE,14,0.0020855057,0.9979144943
630,LEAVE,13,0.0104275287,0.9895724713
631,LEAVE,3,0.0020855057,0.9979144943
164,LEAVE,1,0.4507042254,0.5492957746
295,LEAVE,3,0.0197183099,0.9802816901
1031,SUM
463,LEAVE,2,0.0056338028,0.9943661972
555,LEAVE,13,0.0760563380,0.9239436620
632,LEAVE,14,0.1070422535,0.8929577465
691,LEAVE,15,0.8056338028,0.1943661972
692,LEAVE,11,0.0281690141,0.9718309859
165,LEAVE,15,0.2820512821,0.7179487179
296,LEAVE,12,0.0384615385,0.9615384615
385,LEAVE,11,0.0256410256,0.9743589744
464,LEAVE,3,0.0256410256,0.9743589744
556,LEAVE,2,0.9743589744,0.0256410256
633,LEAVE,14,0.0256410256,0.9743589744
693,LEAVE,0,0.0256410256,0.9743589744
747,LEAVE,13,0.0256410256,0.9743589744
748,LEAVE,1,0.1410256410,0.8589743590
166,LEAVE,15,0.7647058824,0.2352941176
297,LEAVE,11,0.0882352941,0.9117647059
386,LEAVE,13,0.4705882353,0.5294117647
465,LEAVE,0,0.5000000000,0.5000000000
557,LEAVE,3,0.2058823529,0.7941176471
634,LEAVE,2,0.0588235294,0.9411764706
694,LEAVE,1,0.9411764706,0.0588235294
749,LEAVE,14,0.9411764706,0.0588235294
750,LEAVE,12,0.0588235294,0.9411764706
167,LEAVE,0,0.0909090909,0.9090909091
298,LEAVE,11,0.6363636364,0.3636363636
387,LEAVE,3,0.5454545455,0.4545454545
466,LEAVE,1,0.4090909091,0.5909090909
558,LEAVE,12,0.2727272727,0.7272727273
635,LEAVE,14,0.0909090909,0.9090909091
695,LEAVE,2,0.0909090909,0.9090909091
751,LEAVE,15,0.6818181818,0.3181818182
752,LEAVE,13,0.0909090909,0.9090909091
168,LEAVE,15,0.0800000000,0.9200000000
299,LEAVE,1,0.2800000000,0.7200000000
388,LEAVE,12,0.2000000000,0.8000000000
467,LEAVE,11,0.1200000000,0.8800000000
559,LEAVE,0,0.0800000000,0.9200000000
636,LEAVE,13,0.2000000000,0.8000000000
696,LEAVE,3,0.0800000000,0.9200000000
753,LEAVE,2,0.0800000000,0.9200000000
754,LEAVE,14,0.9200000000,0.0800000000
25,LEAVE,2,0.0148148148,0.9851851852
88,LEAVE,9,0.0148148148,0.9851851852
170,LEAVE,7,0.8518518519,0.1481481481
301,LEAVE,6,0.9703703704,0.0296296296
391,LEAVE,3,0.5555555556,0.4444444444
468,LEAVE,8,0.9851851852,0.0148148148
469,LEAVE,11,0.9851851852,0.0148148148
26,LEAVE,8,0.9972451791,0.0027548209
89,LEAVE,2,0.9972451791,0.0027548209
171,LEAVE,3,0.3705234160,0.6294765840
302,LEAVE,9,0.0027548209,0.9972451791
392,LEAVE,11,0.9972451791,0.0027548209
1024,SUM
27,LEAVE,9,0.9913793103,0.0086206897
90,LEAVE,6,0.9439655172,0.0560344828
172,LEAVE,7,0.8965517241,0.1034482759
303,LEAVE,3,0.3534482759,0.6465517241
393,LEAVE,2,0.6939655172,0.3060344828
470,LEAVE,8,0.9913793103,0.0086206897
471,LEAVE,11,0.9913793103,0.0086206897
28,LEAVE,8,0.0212765957,0.9787234043
91,LEAVE,9,0.0212765957,0.9787234043
173,LEAVE,11,0.7872340426,0.2127659574
304,LEAVE,7,0.3723404255,0.6276595745
394,LEAVE,3,0.6702127660,0.3297872340
472,LEAVE,2,0.9361702128,0.0638297872
473,LEAVE,6,0.6170212766,0.3829787234
29,LEAVE,11,0.0392156863,0.9607843137
92,LEAVE,9,0.0588235294,0.9411764706
174,LEAVE,2,0.9019607843,0.0980392157
305,LEAVE,3,0.4509803922,0.5490196078
395,LEAVE,7,0.0392156863,0.9607843137
474,LEAVE,6,0.9607843137,0.0392156863
475,LEAVE,8,0.9607843137,0.0392156863
30,LEAVE,8,0.9600000000,0.0400000000
93,LEAVE,9,0.1600000000,0.8400000000
175,LEAVE,2,0.8800000000,0.1200000000
306,LEAVE,6,0.0400000000,0.9600000000
396,LEAVE,7,0.0400000000,0.9600000000
476,LEAVE,11,0.7200000000,0.2800000000
477,LEAVE,3,0.5000000000,0.5000000000
176,LEAVE,5,0.0028288543,0.9971711457
177,LEAVE,1,0.9971711457,0.0028288543
178,LEAVE,1,0.9949238579,0.0050761421
179,LEAVE,5,0.9949238579,0.0050761421
180,LEAVE,5,0.0259740260,0.9740259740
181,LEAVE,1,0.0259740260,0.9740259740
182,LEAVE,1,0.0196078431,0.9803921569
183,LEAVE,5,0.9803921569,0.0196078431
31,LEAVE,5,0.7380239521,0.2619760479
95,LEAVE,14,0.6122754491,0.3877245509
185,LEAVE,3,0.9970059880,0.0029940120
1090,SUM
308,LEAVE,9,0.0029940120,0.9970059880
32,LEAVE,14,0.6127450980,0.3872549020
96,LEAVE,5,0.4542483660,0.5457516340
186,LEAVE,11,0.6013071895,0.3986928105
309,LEAVE,10,0.9967320261,0.0032679739
398,LEAVE,9,0.2385620915,0.7614379085
399,LEAVE,3,0.0032679739,0.9967320261
33,LEAVE,10,0.9931034483,0.0068965517
97,LEAVE,14,0.8034482759,0.1965517241
187,LEAVE,3,0.9931034483,0.0068965517
310,LEAVE,5,0.9068965517,0.0931034483
400,LEAVE,11,0.7206896552,0.2793103448
401,LEAVE,9,0.9931034483,0.0068965517
34,LEAVE,9,0.2183908046,0.7816091954
98,LEAVE,14,0.7011494253,0.2988505747
188,LEAVE,11,0.3103448276,0.6896551724
311,LEAVE,10,0.0229885057,0.9770114943
402,LEAVE,3,0.0229885057,0.9770114943
403,LEAVE,5,0.9770114943,0.0229885057
35,LEAVE,14,0.7281553398,0.2718446602
99,LEAVE,11,0.3592233010,0.6407766990
189,LEAVE,5,0.0194174757,0.9805825243
312,LEAVE,3,0.0194174757,0.9805825243
404,LEAVE,9,0.2330097087,0.7669902913
405,LEAVE,10,0.0194174757,0.9805825243
36,LEAVE,11,0.3050847458,0.6949152542
100,LEAVE,3,0.9661016949,0.0338983051
190,LEAVE,9,0.9661016949,0.0338983051
313,LEAVE,10,0.0338983051,0.9661016949
406,LEAVE,5,0.7966101695,0.2033898305
407,LEAVE,14,0.5762711864,0.4237288136
38,LEAVE,4,0.0049875312,0.9950124688
102,LEAVE,15,0.7431421446,0.2568578554
192,LEAVE,2,0.7705735661,0.2294264339
315,LEAVE,3,0.1571072319,0.8428927681
409,LEAVE,1,0.7406483791,0.2593516209
489,LEAVE,0,0.9950124688,0.0049875312
567,LEAVE,9,0.0049875312,0.9950124688
639,LEAVE,5,0.0049875312,0.9950124688
697,LEAVE,7,0.5037406484,0.4962593516
698,LEAVE,6,0.7007481297,0.2992518703
39,LEAVE,5,0.9872611465,0.0127388535
103,LEAVE,3,0.3121019108,0.6878980892
193,LEAVE,15,0.7515923567,0.2484076433
316,LEAVE,0,0.9872611465,0.0127388535
410,LEAVE,9,0.1082802548,0.8917197452
490,LEAVE,6,0.8216560510,0.1783439490
568,LEAVE,4,0.1401273885,0.8598726115
640,LEAVE,1,0.7197452229,0.2802547771
699,LEAVE,2,0.8598726115,0.1401273885
700,LEAVE,7,0.6624203822,0.3375796178
40,LEAVE,0,0.0327868852,0.9672131148
104,LEAVE,15,0.5901639344,0.4098360656
194,LEAVE,6,0.6721311475,0.3278688525
317,LEAVE,1,0.5245901639,0.4754098361
411,LEAVE,4,0.2295081967,0.7704918033
491,LEAVE,9,0.0327868852,0.9672131148
569,LEAVE,2,0.5245901639,0.4754098361
641,LEAVE,5,0.1311475410,0.8688524590
701,LEAVE,7,0.4590163934,0.5409836066
702,LEAVE,3,0.1967213115,0.8032786885
41,LEAVE,3,0.9600000000,0.0400000000
105,LEAVE,2,0.4400000000,0.5600000000
195,LEAVE,1,0.3000000000,0.7000000000
318,LEAVE,9,0.4600000000,0.5400000000
412,LEAVE,6,0.9200000000,0.0800000000
492,LEAVE,5,0.7600000000,0.2400000000
570,LEAVE,4,0.6600000000,0.3400000000
642,LEAVE,7,0.9600000000,0.0400000000
703,LEAVE,0,0.7200000000,0.2800000000
704,LEAVE,15,0.3600000000,0.6400000000
42,LEAVE,1,0.8387096774,0.1612903226
106,LEAVE,15,0.5161290323,0.4838709677
196,LEAVE,7,0.5161290323,0.4838709677
319,LEAVE,2,0.7741935484,0.2258064516
413,LEAVE,5,0.0645161290,0.9354838710
493,LEAVE,6,0.6129032258,0.3870967742
571,LEAVE,0,0.9354838710,0.0645161290
643,LEAVE,4,0.9354838710,0.0645161290
705,LEAVE,9,0.0645161290,0.9354838710
706,LEAVE,3,0.2903225806,0.7096774194
43,LEAVE,0,0.2500000000,0.7500000000
44,LEAVE,1,0.7500000000,0.2500000000
45,LEAVE,2,0.2500000000,0.7500000000
46,LEAVE,3,0.5000000000,0.5000000000
47,LEAVE,4,0.7500000000,0.2500000000
48,LEAVE,5,0.2500000000,0.7500000000
49,LEAVE,6,0.2500000000,0.7500000000
50,LEAVE,7,0.2500000000,0.7500000000
51,LEAVE,9,0.5000000000,0.5000000000
52,LEAVE,15,0.6250000000,0.3750000000
53,LEAVE,2,0.5666666667,0.4333333333
107,LEAVE,4,0.1000000000,0.9000000000
197,LEAVE,5,0.0666666667,0.9333333333
320,LEAVE,0,0.8000000000,0.2000000000
414,LEAVE,6,0.4333333333,0.5666666667
494,LEAVE,9,0.9333333333,0.0666666667
572,LEAVE,3,0.1333333333,0.8666666667
644,LEAVE,7,0.6000000000,0.4000000000
707,LEAVE,15,0.7333333333,0.2666666667
708,LEAVE,1,0.4666666667,0.5333333333
109,LEAVE,9,0.4900523560,0.5099476440
199,LEAVE,11,0.9979057592,0.0020942408
200,LEAVE,2,0.9979057592,0.0020942408
110,LEAVE,11,0.0052910053,0.9947089947
201,LEAVE,2,0.9947089947,0.0052910053
202,LEAVE,9,0.3253968254,0.6746031746
111,LEAVE,11,0.9444444444,0.0555555556
203,LEAVE,9,0.4722222222,0.5277777778
204,LEAVE,2,0.0555555556,0.9444444444
205,LEAVE,13,0.9981818182,0.0018181818
323,LEAVE,14,0.9445454545,0.0554545455
415,LEAVE,4,0.0018181818,0.9981818182
495,LEAVE,12,0.9981818182,0.0018181818
496,LEAVE,10,0.9981818182,0.0018181818
206,LEAVE,10,0.0121212121,0.9878787879
324,LEAVE,4,0.3090909091,0.6909090909
416,LEAVE,13,0.9878787879,0.0121212121
497,LEAVE,12,0.9878787879,0.0121212121
498,LEAVE,14,0.9090909091,0.0909090909
207,LEAVE,13,0.7424242424,0.2575757576
325,LEAVE,14,0.5454545455,0.4545454545
417,LEAVE,12,0.9696969697,0.0303030303
499,LEAVE,10,0.9696969697,0.0303030303
500,LEAVE,4,0.9696969697,0.0303030303
208,LEAVE,14,0.7812500000,0.2187500000
326,LEAVE,12,0.0625000000,0.9375000000
418,LEAVE,13,0.9375000000,0.0625000000
501,LEAVE,10,0.7500000000,0.2500000000
502,LEAVE,4,0.3437500000,0.6562500000
209,LEAVE,4,0.2500000000,0.7500000000
210,LEAVE,10,0.7500000000,0.2500000000
211,LEAVE,12,0.7500000000,0.2500000000
212,LEAVE,13,0.2500000000,0.7500000000
213,LEAVE,14,0.6250000000,0.3750000000
214,LEAVE,4,0.7500000000,0.2500000000
215,LEAVE,10,0.6250000000,0.3750000000
216,LEAVE,12,0.2500000000,0.7500000000
217,LEAVE,13,0.2500000000,0.7500000000
218,LEAVE,14,0.7500000000,0.2500000000
219,LEAVE,4,0.6666666667,0.3333333333
220,LEAVE,10,0.3333333333,0.6666666667
221,LEAVE,12,0.6666666667,0.3333333333
222,LEAVE,13,0.3333333333,0.6666666667
223,LEAVE,14,0.5000000000,0.5000000000
504,LEAVE,4,0.0090497738,0.9909502262
575,LEAVE,12,0.7737556561,0.2262443439
645,LEAVE,13,0.0090497738,0.9909502262
646,LEAVE,14,0.6199095023,0.3800904977
505,LEAVE,12,0.6328125000,0.3671875000
576,LEAVE,13,0.9843750000,0.0156250000
647,LEAVE,4,0.9843750000,0.0156250000
648,LEAVE,14,0.9843750000,0.0156250000
506,LEAVE,13,0.9907407407,0.0092592593
577,LEAVE,4,0.0092592593,0.9907407407
649,LEAVE,14,0.8888888889,0.1111111111
650,LEAVE,12,0.5555555556,0.4444444444
507,LEAVE,4,0.7777777778,0.2222222222
578,LEAVE,13,0.3333333333,0.6666666667
651,LEAVE,12,0.7777777778,0.2222222222
652,LEAVE,14,0.2222222222,0.7777777778
508,LEAVE,14,0.9047619048,0.0952380952
579,LEAVE,13,0.0952380952,0.9047619048
653,LEAVE,4,0.9047619048,0.0952380952
654,LEAVE,12,0.6190476190,0.3809523810
509,LEAVE,14,0.1428571429,0.8571428571
580,LEAVE,12,0.1428571429,0.8571428571
655,LEAVE,13,0.7142857143,0.2857142857
656,LEAVE,4,0.8571428571,0.1428571429
1241,SUM
226,LEAVE,5,0.0164383562,0.9835616438
334,LEAVE,13,0.0054794521,0.9945205479
421,LEAVE,10,0.0054794521,0.9945205479
511,LEAVE,3,0.0054794521,0.9945205479
582,LEAVE,4,0.0054794521,0.9945205479
583,LEAVE,1,0.5123287671,0.4876712329
114,LEAVE,15,0.9879518072,0.0120481928
227,LEAVE,10,0.5000000000,0.5000000000
335,LEAVE,1,0.9879518072,0.0120481928
422,LEAVE,4,0.0301204819,0.9698795181
512,LEAVE,13,0.0120481928,0.9879518072
584,LEAVE,12,0.9879518072,0.0120481928
658,LEAVE,5,0.0602409639,0.9397590361
659,LEAVE,3,0.0120481928,0.9879518072
115,LEAVE,1,0.7142857143,0.2857142857
228,LEAVE,3,0.3809523810,0.6190476190
336,LEAVE,13,0.9047619048,0.0952380952
423,LEAVE,15,0.6666666667,0.3333333333
513,LEAVE,4,0.4285714286,0.5714285714
585,LEAVE,10,0.3809523810,0.6190476190
660,LEAVE,5,0.0952380952,0.9047619048
661,LEAVE,12,0.3333333333,0.6666666667
116,LEAVE,10,0.4903846154,0.5096153846
229,LEAVE,1,0.0192307692,0.9807692308
337,LEAVE,4,0.0288461538,0.9711538462
424,LEAVE,3,0.2307692308,0.7692307692
514,LEAVE,12,0.5865384615,0.4134615385
586,LEAVE,15,0.9807692308,0.0192307692
662,LEAVE,13,0.0192307692,0.9807692308
663,LEAVE,5,0.0865384615,0.9134615385
117,LEAVE,10,0.0540540541,0.9459459459
230,LEAVE,12,0.0540540541,0.9459459459
338,LEAVE,15,0.8378378378,0.1621621622
425,LEAVE,1,0.9459459459,0.0540540541
515,LEAVE,4,0.3513513514,0.6486486486
587,LEAVE,3,0.7567567568,0.2432432432
664,LEAVE,13,0.0540540541,0.9459459459
665,LEAVE,5,0.3513513514,0.6486486486
118,LEAVE,1,0.8360655738,0.1639344262
231,LEAVE,12,0.9672131148,0.0327868852
339,LEAVE,3,0.9672131148,0.0327868852
426,LEAVE,15,0.9180327869,0.0819672131
516,LEAVE,13,0.0327868852,0.9672131148
588,LEAVE,5,0.2459016393,0.7540983607
666,LEAVE,10,0.4590163934,0.5409836066
667,LEAVE,4,0.2295081967,0.7704918033
119,LEAVE,13,0.1111111111,0.8888888889
232,LEAVE,1,0.1111111111,0.8888888889
340,LEAVE,15,0.1111111111,0.8888888889
427,LEAVE,5,0.2222222222,0.7777777778
517,LEAVE,12,0.3888888889,0.6111111111
589,LEAVE,3,0.1111111111,0.8888888889
668,LEAVE,4,0.1111111111,0.8888888889
669,LEAVE,10,0.8888888889,0.1111111111
120,LEAVE,15,0.8452380952,0.1547619048
233,LEAVE,1,0.9761904762,0.0238095238
341,LEAVE,13,0.0238095238,0.9761904762
428,LEAVE,12,0.0238095238,0.9761904762
518,LEAVE,5,0.0952380952,0.9047619048
590,LEAVE,10,0.9761904762,0.0238095238
670,LEAVE,3,0.1904761905,0.8095238095
671,LEAVE,4,0.0714285714,0.9285714286
57,LEAVE,12,0.9914529915,0.0085470085
58,LEAVE,11,0.0085470085,0.9914529915
59,LEAVE,11,0.9960317460,0.0039682540
60,LEAVE,12,0.9960317460,0.0039682540
61,LEAVE,12,0.0444444444,0.9555555556
62,LEAVE,11,0.0444444444,0.9555555556
63,LEAVE,11,0.9333333333,0.0666666667
64,LEAVE,12,0.0666666667,0.9333333333
122,LEAVE,9,0.1762295082,0.8237704918
235,LEAVE,1,0.9918032787,0.0081967213
343,LEAVE,6,0.9918032787,0.0081967213
430,LEAVE,8,0.9918032787,0.0081967213
521,LEAVE,7,0.5819672131,0.4180327869
591,LEAVE,0,0.8196721311,0.1803278689
592,LEAVE,14,0.9918032787,0.0081967213
123,LEAVE,8,0.4900990099,0.5099009901
236,LEAVE,1,0.9900990099,0.0099009901
344,LEAVE,14,0.9900990099,0.0099009901
431,LEAVE,6,0.0099009901,0.9900990099
522,LEAVE,0,0.5891089109,0.4108910891
593,LEAVE,9,0.0099009901,0.9900990099
594,LEAVE,7,0.0099009901,0.9900990099
124,LEAVE,14,0.9916666667,0.0083333333
237,LEAVE,7,0.5916666667,0.4083333333
345,LEAVE,6,0.6125000000,0.3875000000
432,LEAVE,1,0.0083333333,0.9916666667
523,LEAVE,8,0.9916666667,0.0083333333
595,LEAVE,0,0.5916666667,0.4083333333
596,LEAVE,9,0.1666666667,0.8333333333
125,LEAVE,14,0.9600000000,0.0400000000
238,LEAVE,8,0.9600000000,0.0400000000
346,LEAVE,1,0.9600000000,0.0400000000
433,LEAVE,7,0.9600000000,0.0400000000
524,LEAVE,9,0.2200000000,0.7800000000
597,LEAVE,0,0.6000000000,0.4000000000
598,LEAVE,6,0.0400000000,0.9600000000
126,LEAVE,8,0.1250000000,0.8750000000
239,LEAVE,1,0.5625000000,0.4375000000
347,LEAVE,6,0.8125000000,0.1875000000
434,LEAVE,7,0.3750000000,0.6250000000
525,LEAVE,14,0.8750000000,0.1250000000
599,LEAVE,0,0.1250000000,0.8750000000
600,LEAVE,9,0.1250000000,0.8750000000
127,LEAVE,9,0.9200000000,0.0800000000
240,LEAVE,6,0.0800000000,0.9200000000
348,LEAVE,0,0.4400000000,0.5600000000
435,LEAVE,14,0.9200000000,0.0800000000
526,LEAVE,1,0.4800000000,0.5200000000
601,LEAVE,7,0.0800000000,0.9200000000
602,LEAVE,8,0.8400000000,0.1600000000
128,LEAVE,14,0.1666666667,0.8333333333
241,LEAVE,9,0.1666666667,0.8333333333
349,LEAVE,0,0.1666666667,0.8333333333
436,LEAVE,8,0.6666666667,0.3333333333
527,LEAVE,6,0.3333333333,0.6666666667
603,LEAVE,1,0.7500000000,0.2500000000
604,LEAVE,7,0.4166666667,0.5833333333
129,LEAVE,1,0.7727272727,0.2272727273
242,LEAVE,14,0.9090909091,0.0909090909
350,LEAVE,6,0.7727272727,0.2272727273
437,LEAVE,9,0.0909090909,0.9090909091
528,LEAVE,0,0.9090909091,0.0909090909
605,LEAVE,7,0.4090909091,0.5909090909
606,LEAVE,8,0.0909090909,0.9090909091
130,LEAVE,1,0.9090909091,0.0909090909
243,LEAVE,7,0.9090909091,0.0909090909
351,LEAVE,6,0.9090909091,0.0909090909
438,LEAVE,8,0.9090909091,0.0909090909
529,LEAVE,0,0.0909090909,0.9090909091
607,LEAVE,14,0.8181818182,0.1818181818
608,LEAVE,9,0.9090909091,0.0909090909
244,LEAVE,4,0.0156250000,0.9843750000
245,LEAVE,13,0.0156250000,0.9843750000
246,LEAVE,4,0.0049261084,0.9950738916
247,LEAVE,13,0.9950738916,0.0049261084
248,LEAVE,13,0.9923371648,0.0076628352
249,LEAVE,4,0.9923371648,0.0076628352
250,LEAVE,13,0.1111111111,0.8888888889
251,LEAVE,4,0.8888888889,0.1111111111
65,LEAVE,1,0.9893048128,0.0106951872
132,LEAVE,3,0.3903743316,0.6096256684
253,LEAVE,4,0.9893048128,0.0106951872
254,LEAVE,5,0.0106951872,0.9893048128
66,LEAVE,1,0.9950859951,0.0049140049
133,LEAVE,3,0.7199017199,0.2800982801
255,LEAVE,4,0.9950859951,0.0049140049
256,LEAVE,5,0.9950859951,0.0049140049
67,LEAVE,4,0.9642857143,0.0357142857
134,LEAVE,1,0.0357142857,0.9642857143
257,LEAVE,5,0.7500000000,0.2500000000
258,LEAVE,3,0.9642857143,0.0357142857
68,LEAVE,5,0.4137931034,0.5862068966
135,LEAVE,4,0.9310344828,0.0689655172
259,LEAVE,1,0.0689655172,0.9310344828
260,LEAVE,3,0.0689655172,0.9310344828
69,LEAVE,1,0.9687500000,0.0312500000
136,LEAVE,4,0.0312500000,0.9687500000
261,LEAVE,5,0.3593750000,0.6406250000
262,LEAVE,3,0.3281250000,0.6718750000
70,LEAVE,3,0.0769230769,0.9230769231
137,LEAVE,1,0.0769230769,0.9230769231
263,LEAVE,5,0.4615384615,0.5384615385
264,LEAVE,4,0.0769230769,0.9230769231
71,LEAVE,1,0.1818181818,0.8181818182
138,LEAVE,5,0.7272727273,0.2727272727
265,LEAVE,4,0.1818181818,0.8181818182
266,LEAVE,3,0.8181818182,0.1818181818
139,LEAVE,13,0.9969372129,0.0030627871
140,LEAVE,14,0.9969372129,0.0030627871
141,LEAVE,13,0.9574468085,0.0425531915
142,LEAVE,14,0.0425531915,0.9574468085
143,LEAVE,13,0.0465116279,0.9534883721
144,LEAVE,14,0.9534883721,0.0465116279
145,LEAVE,13,0.0800000000,0.9200000000
146,LEAVE,14,0.0800000000,0.9200000000
767,LEAVE,12,0.9890710383,0.0109289617
768,LEAVE,7,0.0109289617,0.9890710383
769,LEAVE,12,0.0285714286,0.9714285714
770,LEAVE,7,0.9714285714,0.0285714286
771,LEAVE,12,0.9655172414,0.0344827586
772,LEAVE,7,0.9655172414,0.0344827586
773,LEAVE,7,0.0500000000,0.9500000000
774,LEAVE,12,0.0500000000,0.9500000000
829,PRD
828,PRD
827,PRD
826,PRD
1201,PRD
1200,PRD
1199,PRD
1197,PRD
1196,PRD
1195,PRD
1194,PRD
1107,PRD
1106,PRD
1105,PRD
959,PRD
958,PRD
957,PRD
956,PRD
950,PRD
949,PRD
948,PRD
1018,PRD
1017,PRD
1016,PRD
1015,PRD
1151,PRD
1150,PRD
1149,PRD
721,LEAVE,6,0.9047619048,0.0952380952
722,LEAVE,8,0.0952380952,0.9047619048
723,LEAVE,8,0.9784946237,0.0215053763
724,LEAVE,6,0.9784946237,0.0215053763
725,LEAVE,6,0.0526315789,0.9473684211
726,LEAVE,8,0.9473684211,0.0526315789
727,LEAVE,6,0.0512820513,0.9487179487
728,LEAVE,8,0.0512820513,0.9487179487
276,LEAVE,8,0.0363636364,0.9636363636
362,LEAVE,13,0.0363636364,0.9636363636
363,LEAVE,11,0.6545454545,0.3454545455
277,LEAVE,13,0.9814814815,0.0185185185
364,LEAVE,8,0.9814814815,0.0185185185
365,LEAVE,11,0.2962962963,0.7037037037
278,LEAVE,13,0.9789473684,0.0210526316
366,LEAVE,11,0.2631578947,0.7368421053
367,LEAVE,8,0.0210526316,0.9789473684
280,LEAVE,2,0.0540540541,0.9459459459
369,LEAVE,10,0.5405405405,0.4594594595
370,LEAVE,14,0.9459459459,0.0540540541
281,LEAVE,2,0.5479452055,0.4520547945
371,LEAVE,14,0.0273972603,0.9726027397
372,LEAVE,10,0.9726027397,0.0273972603
282,LEAVE,10,0.1538461538,0.8461538462
373,LEAVE,14,0.4615384615,0.5384615385
374,LEAVE,2,0.8461538462,0.1538461538
283,LEAVE,2,0.3333333333,0.6666666667
284,LEAVE,10,0.3333333333,0.6666666667
285,LEAVE,14,0.3333333333,0.6666666667
381,LEAVE,1,0.0124223602,0.9875776398
456,LEAVE,15,0.0124223602,0.9875776398
457,LEAVE,0,0.9875776398,0.0124223602
382,LEAVE,0,0.0030581040,0.9969418960
458,LEAVE,15,0.0030581040,0.9969418960
459,LEAVE,1,0.0871559633,0.9128440367
383,LEAVE,15,0.9868421053,0.0131578947
460,LEAVE,0,0.0131578947,0.9868421053
461,LEAVE,1,0.0131578947,0.9868421053
547,LEAVE,12,0.0102040816,0.9897959184
548,LEAVE,0,0.9897959184,0.0102040816
549,LEAVE,0,0.0338983051,0.9661016949
550,LEAVE,12,0.9661016949,0.0338983051
551,LEAVE,0,0.0281690141,0.9718309859
552,LEAVE,12,0.0281690141,0.9718309859
553,LEAVE,12,0.9512195122,0.0487804878
554,LEAVE,0,0.9512195122,0.0487804878
560,LEAVE,6,0.9891891892,0.0108108108
561,LEAVE,7,0.0108108108,0.9891891892
562,LEAVE,6,0.9960317460,0.0039682540
563,LEAVE,7,0.9960317460,0.0039682540
564,LEAVE,7,0.9555555556,0.0444444444
565,LEAVE,6,0.0444444444,0.9555555556
480,LEAVE,10,0.9916666667,0.0083333333
481,LEAVE,11,0.0083333333,0.9916666667
482,LEAVE,11,0.9929577465,0.0070422535
483,LEAVE,10,0.9929577465,0.0070422535
484,LEAVE,10,0.0185185185,0.9814814815
485,LEAVE,11,0.0185185185,0.9814814815
486,LEAVE,10,0.0416666667,0.9583333333
487,LEAVE,11,0.9583333333,0.0416666667
328,LEAVE,15,0.0128205128,0.9871794872
329,LEAVE,12,0.0128205128,0.9871794872
330,LEAVE,15,0.9899497487,0.0100502513
331,LEAVE,12,0.0100502513,0.9899497487
332,LEAVE,12,0.8888888889,0.1111111111
333,LEAVE,15,0.1111111111,0.8888888889
##EDGES##
1465,1464,0.10030282430010506
1465,1463,0.25486681910883136
1465,1462,0.08954947160249675
1465,1461,0.07811630925159137
1465,1460,0.11093257524256844
1465,1459,0.04387862307644769
1465,1458,0.08386379086583029
1465,1457,0.03615351337988999
1465,1456,0.0509239231197083
1465,1455,0.049255299425251836
1465,1454,0.04647425993449107
1465,1453,0.01582102465855015
1465,1452,0.02070329398677461
1465,1451,0.007539707063840307
1465,1450,0.010629750942463384
1465,1449,9.888140411593845E-4
1464,1
1464,1427
1464,23
1464,85
1464,162
1464,291
1464,292
1463,2
1463,12
1463,24
1463,86
1463,163
1463,293
1463,380
1463,962
1463,545
1463,629
1463,690
1463,745
1463,746
1462,3
1462,13
1462,1365
1462,87
1462,169
1462,300
1462,389
1462,390
1461,1445
1461,14
1461,1357
1461,94
1461,184
1461,307
1461,397
1461,478
1461,479
1460,1443
1460,15
1460,37
1460,101
1460,191
1460,314
1460,408
1460,488
1460,566
1460,637
1460,638
1459,1441
1459,16
1459,54
1459,108
1459,198
1459,321
1459,322
1458,4
1458,1401
1458,1338
1458,112
1458,224
1458,327
1458,419
1458,503
1458,573
1458,574
1457,5
1457,17
1457,55
1457,113
1457,225
1457,1072
1457,420
1457,510
1457,581
1457,657
1457,709
1457,755
1457,756
1456,6
1456,1398
1456,56
1456,121
1456,234
1456,342
1456,429
1456,519
1456,520
1455,1436
1455,1392
1455,1317
1455,131
1455,252
1455,352
1455,439
1455,440
1454,1434
1454,1383
1454,72
1454,147
1454,267
1454,353
1454,441
1454,530
1454,609
1454,672
1454,710
1454,711
1453,7
1453,18
1453,73
1453,148
1453,268
1453,354
1453,442
1453,531
1453,610
1453,673
1453,712
1453,757
1453,761
1453,766
1453,780
1453,781
1452,8
1452,19
1452,74
1452,149
1452,269
1452,355
1452,443
1452,532
1452,611
1452,674
1452,713
1452,805
1452,762
1452,775
1452,776
1451,9
1451,20
1451,75
1451,150
1451,270
1451,356
1451,444
1451,533
1451,612
1451,675
1451,714
1451,758
1451,763
1451,777
1451,782
1451,783
1450,10
1450,21
1450,76
1450,151
1450,271
1450,357
1450,445
1450,534
1450,613
1450,676
1450,715
1450,759
1450,764
1450,778
1450,784
1450,785
1449,11
1449,22
1449,77
1449,152
1449,272
1449,358
1449,446
1449,535
1449,614
1449,677
1449,716
1449,760
1449,765
1449,779
1449,786
1449,787
1427,1376,0.23721503388786197
1427,1375,0.2889710412815773
1427,1374,0.10782501540357363
1427,1373,0.15157116451016636
1427,1372,0.0696241528034504
1427,1371,0.06900800985828712
1427,1370,0.019716574245224893
1427,1369,0.02649414664202095
1427,1368,0.029574861367837338
962,900,0.1988360814742968
962,899,0.7536372453928225
962,898,0.03516003879728419
962,897,0.012366634335596509
1365,1285,0.6590752242926156
1365,1284,0.2422360248447205
1365,1283,0.05106970324361629
1365,1282,0.020703933747412008
1365,1281,0.012422360248447204
1365,1280,0.014492753623188406
1445,1423,0.10363924050632911
1445,1422,0.5712025316455697
1445,1421,0.18037974683544303
1445,1420,0.07120253164556962
1445,1419,0.037183544303797465
1445,1418,0.03639240506329114
1357,1272,0.5561708860759493
1357,1271,0.30854430379746833
1357,1270,0.05775316455696203
1357,1269,0.07753164556962025
1443,1416,0.36991643454038997
1443,1415,0.33871866295264624
1443,1414,0.15933147632311978
1443,1413,0.046239554317548746
1443,1412,0.05515320334261838
1443,1411,0.03064066852367688
1441,1409,0.5591549295774648
1441,1408,0.21549295774647886
1441,1407,0.08028169014084507
1441,1406,0.0647887323943662
1441,1405,0.038028169014084505
1441,1404,0.005633802816901409
1441,1403,0.036619718309859155
1401,1341,0.7008106116433309
1401,1340,0.27560795873249816
1401,1339,0.023581429624170966
1338,1250,0.8076639646278556
1338,1249,0.11864406779661017
1338,1248,0.045689019896831246
1338,1247,0.020633750921149593
1338,1246,0.0029476787030213707
1338,1245,0.0029476787030213707
1338,1244,0.0014738393515106854
1072,1002,0.37094017094017095
1072,1001,0.21196581196581196
1072,1000,0.3623931623931624
1072,999,0.008547008547008548
1072,998,0.02905982905982906
1072,997,0.017094017094017096
1398,1335,0.4381067961165049
1398,1334,0.1966019417475728
1398,1333,0.02063106796116505
1398,1332,0.12135922330097088
1398,1331,0.04004854368932039
1398,1330,0.0691747572815534
1398,1329,0.01699029126213592
1398,1328,0.0970873786407767
1436,1396,0.28858218318695106
1436,1395,0.6273525721455459
1436,1394,0.05144291091593475
1436,1393,0.03262233375156838
1392,1326,0.30112923462986196
1392,1325,0.24843161856963614
1392,1324,0.2961104140526976
1392,1323,0.05771643663739021
1392,1322,0.015056461731493099
1392,1321,0.026348808030112924
1392,1320,0.010037641154328732
1392,1319,0.02258469259723965
1392,1318,0.02258469259723965
1317,1222,0.15558343789209536
1317,1221,0.5043914680050188
1317,1220,0.3224592220828105
1317,1219,0.01756587202007528
1434,1390,0.24335106382978725
1434,1389,0.535904255319149
1434,1388,0.06914893617021277
1434,1387,0.03324468085106383
1434,1386,0.0797872340425532
1434,1385,0.02925531914893617
1434,1384,0.009308510638297872
1383,1308,0.863031914893617
1383,1307,0.057180851063829786
1383,1306,0.05186170212765957
1383,1305,0.027925531914893616
805,799,0.5343283582089552
805,798,0.19701492537313434
805,797,0.16119402985074627
805,796,0.10746268656716418
1376,78
1376,153
1376,273
1376,359
1376,447
1376,536
1376,615
1376,678
1376,717
1376,718
1375,79
1375,154
1375,274
1375,360
1375,448
1375,537
1375,616
1375,679
1375,719
1375,720
1374,80
1374,155
1374,275
1374,361
1374,449
1374,538
1374,860
1374,680
1374,681
1373,1295
1373,156
1373,279
1373,368
1373,450
1373,539
1373,617
1373,618
1372,1293
1372,157
1372,286
1372,375
1372,451
1372,540
1372,619
1372,620
1371,81
1371,158
1371,287
1371,376
1371,452
1371,541
1371,621
1371,682
1371,729
1371,730
1370,82
1370,159
1370,288
1370,377
1370,453
1370,542
1370,622
1370,683
1370,731
1370,732
1369,83
1369,160
1369,289
1369,378
1369,454
1369,543
1369,623
1369,684
1369,733
1369,734
1368,84
1368,161
1368,290
1368,379
1368,455
1368,544
1368,624
1368,685
1368,735
1368,736
900,625
900,686
900,737
900,738
899,626
899,687
899,739
899,740
898,627
898,688
898,741
898,742
897,628
897,689
897,743
897,744
1285,1186
1285,294
1285,384
1285,462
1285,546
1285,630
1285,631
1284,164
1284,295
1284,1031
1284,463
1284,555
1284,632
1284,691
1284,692
1283,165
1283,296
1283,385
1283,464
1283,556
1283,633
1283,693
1283,747
1283,748
1282,166
1282,297
1282,386
1282,465
1282,557
1282,634
1282,694
1282,749
1282,750
1281,167
1281,298
1281,387
1281,466
1281,558
1281,635
1281,695
1281,751
1281,752
1280,168
1280,299
1280,388
1280,467
1280,559
1280,636
1280,696
1280,753
1280,754
1423,25
1423,88
1423,170
1423,301
1423,391
1423,468
1423,469
1422,26
1422,89
1422,171
1422,302
1422,392
1422,1024
1421,27
1421,90
1421,172
1421,303
1421,393
1421,470
1421,471
1420,28
1420,91
1420,173
1420,304
1420,394
1420,472
1420,473
1419,29
1419,92
1419,174
1419,305
1419,395
1419,474
1419,475
1418,30
1418,93
1418,175
1418,306
1418,396
1418,476
1418,477
1272,176
1272,177
1271,178
1271,179
1270,180
1270,181
1269,182
1269,183
1416,31
1416,95
1416,185
1416,1090
1416,308
1415,32
1415,96
1415,186
1415,309
1415,398
1415,399
1414,33
1414,97
1414,187
1414,310
1414,400
1414,401
1413,34
1413,98
1413,188
1413,311
1413,402
1413,403
1412,35
1412,99
1412,189
1412,312
1412,404
1412,405
1411,36
1411,100
1411,190
1411,313
1411,406
1411,407
1409,38
1409,102
1409,192
1409,315
1409,409
1409,489
1409,567
1409,639
1409,697
1409,698
1408,39
1408,103
1408,193
1408,316
1408,410
1408,490
1408,568
1408,640
1408,699
1408,700
1407,40
1407,104
1407,194
1407,317
1407,411
1407,491
1407,569
1407,641
1407,701
1407,702
1406,41
1406,105
1406,195
1406,318
1406,412
1406,492
1406,570
1406,642
1406,703
1406,704
1405,42
1405,106
1405,196
1405,319
1405,413
1405,493
1405,571
1405,643
1405,705
1405,706
1404,43
1404,44
1404,45
1404,46
1404,47
1404,48
1404,49
1404,50
1404,51
1404,52
1403,53
1403,107
1403,197
1403,320
1403,414
1403,494
1403,572
1403,644
1403,707
1403,708
1341,109
1341,199
1341,200
1340,110
1340,201
1340,202
1339,111
1339,203
1339,204
1250,205
1250,323
1250,415
1250,495
1250,496
1249,206
1249,324
1249,416
1249,497
1249,498
1248,207
1248,325
1248,417
1248,499
1248,500
1247,208
1247,326
1247,418
1247,501
1247,502
1246,209
1246,210
1246,211
1246,212
1246,213
1245,214
1245,215
1245,216
1245,217
1245,218
1244,219
1244,220
1244,221
1244,222
1244,223
1002,504
1002,575
1002,645
1002,646
1001,505
1001,576
1001,647
1001,648
1000,506
1000,577
1000,649
1000,650
999,507
999,578
999,651
999,652
998,508
998,579
998,653
998,654
997,509
997,580
997,655
997,656
1335,1241
1335,226
1335,334
1335,421
1335,511
1335,582
1335,583
1334,114
1334,227
1334,335
1334,422
1334,512
1334,584
1334,658
1334,659
1333,115
1333,228
1333,336
1333,423
1333,513
1333,585
1333,660
1333,661
1332,116
1332,229
1332,337
1332,424
1332,514
1332,586
1332,662
1332,663
1331,117
1331,230
1331,338
1331,425
1331,515
1331,587
1331,664
1331,665
1330,118
1330,231
1330,339
1330,426
1330,516
1330,588
1330,666
1330,667
1329,119
1329,232
1329,340
1329,427
1329,517
1329,589
1329,668
1329,669
1328,120
1328,233
1328,341
1328,428
1328,518
1328,590
1328,670
1328,671
1396,57
1396,58
1395,59
1395,60
1394,61
1394,62
1393,63
1393,64
1326,122
1326,235
1326,343
1326,430
1326,521
1326,591
1326,592
1325,123
1325,236
1325,344
1325,431
1325,522
1325,593
1325,594
1324,124
1324,237
1324,345
1324,432
1324,523
1324,595
1324,596
1323,125
1323,238
1323,346
1323,433
1323,524
1323,597
1323,598
1322,126
1322,239
1322,347
1322,434
1322,525
1322,599
1322,600
1321,127
1321,240
1321,348
1321,435
1321,526
1321,601
1321,602
1320,128
1320,241
1320,349
1320,436
1320,527
1320,603
1320,604
1319,129
1319,242
1319,350
1319,437
1319,528
1319,605
1319,606
1318,130
1318,243
1318,351
1318,438
1318,529
1318,607
1318,608
1222,244
1222,245
1221,246
1221,247
1220,248
1220,249
1219,250
1219,251
1390,65
1390,132
1390,253
1390,254
1389,66
1389,133
1389,255
1389,256
1388,67
1388,134
1388,257
1388,258
1387,68
1387,135
1387,259
1387,260
1386,69
1386,136
1386,261
1386,262
1385,70
1385,137
1385,263
1385,264
1384,71
1384,138
1384,265
1384,266
1308,139
1308,140
1307,141
1307,142
1306,143
1306,144
1305,145
1305,146
799,767
799,768
798,769
798,770
797,771
797,772
796,773
796,774
860,829,0.09714285714285714
860,828,0.5085714285714286
860,827,0.19428571428571428
860,826,0.2
1295,1201,0.2073170731707317
1295,1200,0.42276422764227645
1295,1199,0.3699186991869919
1293,1197,0.2920353982300885
1293,1196,0.6106194690265486
1293,1195,0.07964601769911504
1293,1194,0.017699115044247787
1186,1107,0.1643979057591623
1186,1106,0.680628272251309
1186,1105,0.1549738219895288
1031,959,0.5470085470085471
1031,958,0.15669515669515668
1031,957,0.1908831908831909
1031,956,0.10541310541310542
1024,950,0.25069252077562326
1024,949,0.6925207756232687
1024,948,0.05678670360110803
1090,1018,0.35542168674698793
1090,1017,0.42168674698795183
1090,1016,0.1566265060240964
1090,1015,0.06626506024096386
1241,1151,0.42105263157894735
1241,1150,0.5401662049861495
1241,1149,0.038781163434903045
829,721
829,722
828,723
828,724
827,725
827,726
826,727
826,728
1201,276
1201,362
1201,363
1200,277
1200,364
1200,365
1199,278
1199,366
1199,367
1197,280
1197,369
1197,370
1196,281
1196,371
1196,372
1195,282
1195,373
1195,374
1194,283
1194,284
1194,285
1107,381
1107,456
1107,457
1106,382
1106,458
1106,459
1105,383
1105,460
1105,461
959,547
959,548
958,549
958,550
957,551
957,552
956,553
956,554
950,560
950,561
949,562
949,563
948,564
948,565
1018,480
1018,481
1017,482
1017,483
1016,484
1016,485
1015,486
1015,487
1151,328
1151,329
1150,330
1150,331
1149,332
1149,333
